thresh
1500
5.114395 0.500000 16
2.150689 0.100000 1030
1.387468 0.500000 945
1.749849 0.500000 86
-1.518239 0.300000 685
1.422293 0.129167 390
1.217655 0.129167 1048
1.027211 0.500000 396
1.434378 0.250000 232
1.256567 0.176923 1050
-1.193883 0.750000 1002
-1.129852 0.100000 1176
1.283644 0.500000 16
1.153086 0.500000 396
-1.161226 0.100000 757
1.323081 0.171429 359
-0.921522 0.033333 761
0.962567 0.500000 945
-0.917384 0.250000 504
1.012101 0.500000 16
0.946829 4.500000 1220
-1.054872 0.250000 969
1.034958 0.250000 108
1.070729 0.166667 675
0.997390 0.050000 1164
0.900327 0.183333 329
-0.862187 0.033333 763
0.939014 6.500000 1220
0.850634 0.500000 16
-0.959653 0.100000 1149
0.854153 0.921212 369
-0.889514 0.100000 716
0.950022 0.166667 674
0.859839 0.500000 396
-0.848766 0.071429 998
0.756939 26.500000 1220
1.058018 0.116667 360
0.812677 0.500000 16
-1.026056 0.300000 684
-0.857475 0.750000 1002
1.085968 26.500000 1220
-0.916207 0.071429 576
0.773235 0.500000 16
-0.872649 0.250000 641
0.745717 0.258333 1050
-0.831346 0.033333 1169
0.827614 0.500000 945
0.775828 0.166667 675
0.855776 0.033333 785
0.869892 0.366667 374
0.835458 0.033333 390
-0.832955 0.033333 772
1.087975 0.500000 16
1.009016 0.050000 1164
0.855222 0.766667 762
-0.852489 0.750000 1002
0.794163 13.500000 1220
0.794830 0.250000 108
0.674338 0.500000 16
-0.998912 0.300000 757
0.822440 0.258333 1050
-0.677077 0.166667 256
0.787191 0.500000 16
-0.874729 0.050000 1159
0.669970 0.171429 359
-0.695088 0.071429 998
-0.797714 0.500000 78
0.850364 0.500000 16
0.873841 0.500000 396
0.914676 0.071429 996
-0.995827 0.750000 1002
-0.929643 0.250000 505
1.002686 0.500000 16
0.850749 0.129167 390
-0.937396 0.033333 772
1.011525 0.366667 374
-0.948961 0.166667 281
0.843390 26.500000 1220
0.778974 0.116667 360
0.859910 0.033333 387
0.794806 8.500000 1220
0.652883 0.500000 16
0.907773 0.033333 785
0.798988 0.258333 1050
0.694686 0.129167 390
0.737147 0.250000 232
0.964591 0.500000 396
-0.731718 0.033333 1169
-0.738644 0.071429 579
-0.786824 0.071429 998
0.666180 0.550000 302
-0.864072 0.750000 1002
0.686598 0.171429 359
-0.709911 0.250000 505
1.031471 0.500000 16
-0.993370 0.500000 78
-0.708330 0.033333 788
0.744806 0.250000 1011
0.714515 0.071429 996
0.755473 0.033333 785
0.948401 0.500000 16
0.842170 0.050000 724
0.765158 0.690476 180
-0.607161 0.750000 1002
0.772976 0.550000 302
-0.754028 0.250000 504
0.872007 0.500000 16
0.938089 0.500000 396
0.764989 0.129167 1048
-0.740733 0.100000 756
-0.731368 0.500000 690
-0.696242 0.100000 1176
0.955082 0.366667 374
0.769704 0.166667 1019
0.812118 0.366667 293
0.806128 4.500000 1220
0.787628 0.500000 16
0.881752 0.033333 390
-0.872619 0.033333 761
-0.707416 0.250000 504
0.894993 0.033333 387
0.811707 0.500000 396
0.779743 0.071429 212
-0.846844 0.033333 770
0.876851 0.500000 16
-0.896016 0.100000 716
0.838380 0.366667 374
-0.852098 0.250000 641
0.707233 0.966667 368
-0.663005 0.750000 1002
0.769555 0.500000 16
-1.021580 0.150000 720
0.806341 0.166667 675
-0.887560 0.166667 281
0.884167 0.250000 232
0.842049 0.129167 390
0.777975 0.500000 945
-0.829731 0.033333 772
0.869556 0.500000 425
-0.865627 0.750000 980
0.807415 0.176923 1050
0.747305 0.350000 726
0.922542 0.500000 16
-0.906113 0.750000 1002
-0.796834 0.100000 757
0.721256 0.171429 359
0.665695 0.050000 1164
0.953975 0.500000 16
-0.912686 0.050000 1160
-0.757689 0.633333 762
0.799740 0.550000 302
-0.813634 0.071429 1114
0.794627 0.500000 16
-0.767511 0.750000 1002
-0.719153 0.100000 756
0.733746 26.500000 1220
0.804240 0.033333 1048
0.676253 0.535714 180
-0.722888 0.071429 998
-0.683096 0.607692 1046
0.750702 0.116667 360
0.822455 0.500000 16
-0.696990 0.100000 1176
0.728925 0.550000 302
0.873067 0.500000 945
-0.802868 0.250000 533
0.730673 0.366667 302
0.801552 0.129167 390
-0.791018 0.250000 505
0.920543 0.500000 16
-0.898756 0.166667 281
0.812738 0.366667 374
0.778152 0.250000 510
0.822532 13.500000 1220
0.744802 0.033333 387
0.950043 0.500000 396
0.675363 0.129167 1048
0.662212 0.683333 324
0.752737 0.176923 1050
0.810222 0.071429 605
0.772408 0.500000 16
1.066846 4.500000 1220
0.854451 0.166667 674
0.787242 0.033333 390
-0.709063 0.250000 505
1.001988 0.500000 16
-0.888808 0.750000 1002
-0.827865 0.033333 761
0.756942 0.171429 359
-0.790382 0.033333 772
0.992763 0.500000 16
0.843842 0.100000 1030
0.868398 0.033333 774
-0.721917 0.071429 994
-0.749690 0.250000 641
0.696371 0.500000 425
0.640992 0.500000 396
0.723090 0.071429 996
-0.747280 0.250000 504
0.901887 0.500000 16
-0.994342 0.750000 1002
0.831700 26.500000 1220
-1.064113 0.500000 685
0.740449 0.250000 158
0.781552 0.033333 390
0.799370 0.500000 16
-0.989407 0.100000 716
0.798637 0.183333 329
-0.705071 0.750000 1002
-0.788993 0.033333 365
-0.688963 0.100000 1176
0.970506 0.500000 16
-0.952379 0.166667 267
0.665345 0.129167 390
0.738930 0.366667 374
0.887775 0.833333 1167
0.781905 0.500000 16
-0.781284 0.250000 504
0.760252 0.500000 945
0.868793 0.250000 158
-0.807784 0.033333 378
0.822421 0.750000 117
0.697705 0.050000 1164
0.813081 13.500000 1220
0.969903 0.583333 252
0.679051 0.500000 945
0.724263 0.166667 675
-0.879193 0.250000 504
0.837414 0.366667 374
0.855362 0.500000 396
0.796515 0.250000 232
-0.814053 0.100000 1176
0.894484 0.129167 390
0.794268 0.258333 1050
0.856302 0.500000 945
-0.806195 0.250000 504
0.933070 0.500000 16
-0.908632 0.033333 761
-0.829347 0.500000 78
0.721871 0.033333 387
0.868918 4.500000 1220
0.966676 0.366667 293
-0.770882 0.250000 231
0.713850 0.500000 16
-0.818194 0.050000 1160
0.775807 0.500000 396
0.887231 0.258333 1050
-0.716686 0.033333 1169
0.802510 0.500000 16
0.820737 6.500000 1220
0.715556 0.129167 390
-0.697440 0.633333 1024
0.746926 0.033333 387
-0.865016 0.633333 762
-0.943240 0.214286 577
0.776367 0.500000 16
-0.750640 0.250000 505
0.765764 0.550000 302
-0.871943 0.750000 1002
0.770051 0.171429 359
0.731972 0.500000 396
0.844589 0.033333 387
0.780127 0.033333 785
0.803393 0.500000 16
0.879904 0.033333 390
-0.806090 0.105556 1042
0.796460 0.166667 1019
0.953781 26.500000 1220
0.803813 6.500000 1220
0.845980 0.500000 16
0.878742 0.100000 1030
0.974531 0.071429 996
0.686970 0.050000 1164
0.822957 0.500000 16
-0.876530 0.100000 1176
0.726312 0.129167 390
0.679360 0.258333 1050
0.734905 0.500000 945
-0.907094 0.100000 756
0.800755 0.500000 16
-0.969617 0.500000 497
0.708091 26.500000 1220
-0.861819 0.100000 716
0.777576 0.366667 374
0.894990 0.166667 1019
0.757759 0.166667 675
0.740381 4.500000 1220
0.919725 0.500000 16
0.877738 0.250000 510
0.686436 0.183333 329
-0.722198 0.033333 365
-0.777514 0.750000 1002
-0.700313 0.150000 720
0.937472 0.500000 16
0.900433 0.050000 724
0.728823 0.129167 390
0.612159 0.176923 1050
0.691073 0.500000 16
0.933530 0.350000 726
-0.697585 0.450000 1035
0.739862 0.500000 396
0.852652 0.033333 387
-0.942941 0.250000 504
0.681011 0.129167 1048
-0.726339 0.500000 690
-0.676860 0.100000 1176
1.001264 0.500000 16
-0.793030 0.250000 641
-0.710596 0.750000 1002
0.844256 26.500000 1220
-0.801508 0.166667 757
0.754533 0.500000 16
0.897800 0.050000 1164
0.753375 0.366667 302
-0.739032 0.071429 998
0.728529 0.129167 390
0.759709 0.250000 232
0.915602 0.500000 396
0.740530 0.129167 1048
0.761009 0.171429 359
0.733070 0.250000 232
-0.919230 0.250000 505
-0.906988 0.750000 1002
0.895023 26.500000 1220
0.731142 0.033333 785
0.866122 0.500000 16
-0.927407 0.250000 641
0.674469 0.366667 374
-0.840666 0.500000 78
0.797403 0.500000 396
0.972356 0.500000 16
-0.844843 0.250000 505
0.778344 0.033333 774
-0.903743 0.750000 1002
0.858404 0.071429 996
0.836912 0.250000 108
0.780409 0.500000 16
-0.959125 0.050000 1160
0.883070 0.500000 945
-0.862568 0.100000 1176
0.969506 0.500000 16
-1.006782 0.033333 761
-0.720577 0.250000 504
0.807527 0.266667 293
-0.786008 0.100000 716
0.773891 0.750000 117
-0.805237 0.750000 1002
0.741423 0.683333 324
0.679612 0.250000 232
0.830259 0.033333 785
0.799269 0.258333 1050
0.827196 13.500000 1220
0.799082 0.500000 396
0.836909 0.033333 387
0.859698 0.100000 1030
0.811192 0.500000 16
-0.884365 0.250000 504
0.814140 0.366667 374
1.005753 0.033333 390
0.692117 0.050000 1164
0.943193 0.500000 16
-0.895210 0.100000 1176
0.717709 0.166667 675
-0.762060 0.750000 1002
0.705110 0.500000 425
-0.801367 0.250000 231
0.815056 0.366667 302
0.909238 0.500000 945
-0.691738 0.750000 980
-0.725491 0.150000 720
0.849193 0.500000 16
-0.984243 0.250000 641
-0.767053 0.250000 969
0.733659 0.500000 396
-0.757682 0.105556 1042
0.741117 0.250000 232
0.814008 0.436508 360
-0.739493 0.071429 994
0.738617 0.171429 359
0.807354 0.166667 1019
-0.774481 0.033333 788
-0.709864 0.069048 364
-0.722019 0.500000 78
0.901772 0.500000 16
-0.841633 0.100000 1176
0.652191 0.258333 1050
0.764062 0.500000 945
0.846667 0.250000 108
-0.748098 0.033333 1169
0.752567 0.366667 374
-0.829085 0.100000 761
0.889731 0.033333 774
0.757274 0.250000 1008
0.692661 0.500000 16
-1.000646 0.250000 504
-0.827409 0.033333 365
0.779763 0.500000 396
0.815770 0.118056 390
0.847869 0.250000 232
0.794918 0.050000 1164
0.792172 0.366667 374
0.826753 8.500000 1220
0.649514 0.500000 16
-0.897340 0.100000 716
0.782219 0.033333 781
-0.701369 0.250000 627
0.711489 0.071429 996
0.792012 0.500000 945
-0.736595 0.050000 1160
0.831654 0.500000 16
-0.840382 0.250000 231
-0.719447 0.071429 998
0.741674 26.500000 1220
0.897057 0.083333 360
0.801989 0.366667 374
-0.738242 0.566667 757
0.749014 0.250000 988
-0.726195 0.750000 1002
0.791050 0.500000 16
-0.991435 0.150000 720
0.762551 0.500000 396
0.846597 0.258333 1050
0.767606 13.500000 1220
0.689085 0.250000 232
0.949093 0.050000 1164
0.886046 0.118056 390
0.764455 0.500000 16
-1.008658 0.033333 772
0.877963 0.366667 374
0.787428 0.033333 390
0.750170 0.033333 785
0.949765 0.500000 16
0.785072 4.500000 1220
0.787357 0.033333 387
0.862392 0.500000 396
-0.865362 0.250000 969
0.837913 0.176923 1050
-0.868683 0.250000 504
0.860183 0.166667 675
0.896764 0.500000 945
0.780278 0.250000 108
0.798554 0.250000 232
0.831949 0.033333 785
0.863790 0.750000 117
-0.929120 0.750000 1002
0.886649 0.166667 675
0.788199 0.350000 726
0.869533 0.500000 16
-0.823774 0.100000 1176
0.659459 0.500000 945
0.797585 0.250000 158
0.701995 0.619048 180
-0.767288 0.100000 761
0.760348 0.303846 1056
-0.736399 0.166667 281
0.730356 0.071429 212
-0.691678 0.250000 533
-0.663245 0.250000 969
-0.655462 0.150000 720
0.862554 0.500000 945
0.752785 0.500000 16
0.876927 0.250000 108
-0.704600 0.100000 1176
-0.742486 0.500000 690
0.711903 0.366667 374
-0.830417 0.250000 505
0.778363 0.500000 16
-0.933839 0.750000 1002
0.793673 0.250000 988
-0.802944 0.071429 576
0.681870 26.500000 1220
0.774707 0.166667 1019
-0.732795 0.105556 1042
0.763827 0.500000 16
1.004040 0.083333 360
0.815510 0.171429 359
0.666319 0.071429 996
0.733790 0.033333 1048
0.754951 0.500000 16
-0.805766 0.050000 1160
0.800067 0.500000 396
0.787250 0.250000 232
-0.746252 0.071429 579
0.751408 0.050000 749
0.826497 26.500000 1220
0.857534 0.050000 1164
0.767079 0.683333 324
-0.766921 0.250000 969
-0.855520 0.100000 788
0.697210 0.500000 16
-0.840247 0.150000 720
-0.716805 0.750000 1002
0.887769 26.500000 1220
0.709171 0.050000 749
0.726208 0.148352 1050
0.704450 0.500000 16
0.931446 4.500000 1220
0.855809 0.118056 390
0.663284 0.071429 996
0.750994 0.500000 396
0.929435 0.250000 232
-0.781911 0.100000 716
0.890655 0.129167 392
0.857759 0.166667 1019
0.706714 0.877778 369
-0.680583 0.250000 504
0.831412 0.366667 374
0.921118 0.500000 396
0.675983 0.500000 86
0.737012 0.129167 1048
0.705752 0.464286 180
-0.809497 0.071429 998
0.763815 0.500000 16
-1.004633 0.033333 770
0.656418 0.500000 16
0.847286 0.033333 390
-0.739135 0.033333 761
-0.772449 0.033333 772
0.941080 0.500000 425
-0.820907 0.750000 980
-0.764315 0.750000 1002
0.771951 0.500000 16
-1.051858 0.250000 505
0.845348 0.366667 374
0.934724 0.500000 396
0.699558 0.171429 359
-0.754296 0.033333 378
0.741341 26.500000 1220
0.831065 0.083333 360
0.859929 0.500000 16
-0.879884 0.250000 504
0.895160 0.366667 374
0.862413 0.100000 1030
0.729345 0.033333 774
-0.702529 0.166667 281
0.870724 0.500000 16
-0.865326 0.750000 1002
0.759937 0.250000 222
0.717354 0.129167 1048
-0.713458 0.100000 756
0.658109 0.174242 1055
-0.774444 0.633333 762
0.624561 0.033333 387
-0.779646 0.500000 78
0.725363 10.500000 1220
0.681650 0.763889 1035
0.796284 0.500000 945
0.977612 0.250000 158
0.708226 0.154762 329
0.791969 4.500000 1220
0.882661 0.500000 16
-0.787885 0.750000 1002
-0.759386 0.033333 761
0.743826 0.166667 675
-0.846021 0.250000 505
0.806722 0.500000 16
-0.880564 0.100000 1171
0.689693 0.033333 387
0.810045 0.500000 396
0.723210 0.250000 232
0.870302 0.033333 390
0.850119 0.148352 1050
0.813776 4.500000 1220
0.871440 0.500000 16
0.842341 0.050000 1164
0.921190 26.500000 1220
-0.901643 0.750000 1002
0.727677 0.500000 425
0.833763 0.350000 726
0.827946 0.500000 16
-0.817003 0.100000 1176
0.769875 0.500000 945
0.973819 0.250000 158
0.725099 0.033333 390
-0.697055 0.071429 998
-0.705549 0.033333 1169
0.737288 0.500000 16
-0.851651 0.250000 504
0.749634 26.500000 1220
-0.913732 0.250000 749
0.846341 0.366667 374
0.867366 0.033333 1048
0.783407 0.612500 324
0.777551 0.700000 296
-0.717824 0.100000 716
0.862789 0.500000 16
-0.781908 0.500000 78
0.660325 0.258333 1050
0.725894 0.500000 945
-0.791247 0.100000 1176
0.851258 0.500000 16
-0.869125 0.250000 231
0.835261 0.118056 390
0.982704 0.366667 374
-1.022481 0.250000 504
0.702414 0.500000 945
0.790382 0.071429 996
0.748935 0.436508 360
0.687871 0.500000 425
-0.837396 0.071429 1114
0.882650 0.166667 675
-0.741245 0.750000 1002
0.815004 0.500000 16
-0.943438 0.150000 720
0.658657 0.500000 396
0.840232 0.366667 374
-0.935698 0.300000 687
0.813018 0.500000 16
-0.876289 0.250000 231
0.828457 26.500000 1220
-0.812947 0.250000 1098
0.853901 0.258333 1050
0.772169 0.118056 390
0.749897 0.050000 749
0.851120 0.500000 16
-0.816362 0.100000 1176
-0.658357 0.500000 690
0.673875 0.033333 387
0.895565 0.250000 510
0.722640 0.500000 14
0.666257 0.250000 232
-0.885235 0.166667 281
0.864172 13.500000 1220
0.599916 0.500000 16
0.851859 0.083333 360
-0.766726 0.071429 998
0.750221 0.267857 215
-0.777669 0.750000 1002
-0.583861 0.150000 720
0.816462 0.500000 16
0.820585 0.033333 785
0.878718 26.500000 1220
-0.905689 0.816667 1035
0.709540 0.071429 996
0.942525 0.500000 396
0.727651 0.033333 387
0.921775 6.500000 1220
0.781286 0.500000 16
-0.864868 0.050000 1160
-0.694226 0.250000 641
0.874058 0.500000 16
0.848892 0.050000 1164
0.740732 0.033333 774
0.633962 0.129167 1048
0.665396 0.171429 359
0.764948 0.166667 1019
-0.768462 0.033333 761
0.957220 0.500000 16
-0.986503 0.250000 505
0.774170 26.500000 1220
-0.884682 0.750000 1002
0.649375 0.500000 86
0.866522 0.500000 396
0.902377 0.250000 232
0.818554 0.033333 390
-0.918923 0.071429 998
0.681581 0.250000 988
-0.809147 0.500000 497
0.866293 0.366667 374
0.885490 4.500000 1220
0.857259 0.500000 16
0.814023 0.500000 944
-0.737290 0.500000 78
0.895103 0.033333 387
-0.690846 0.100000 1176
0.760037 0.500000 945
0.844800 0.166667 675
0.775748 0.083333 360
-0.842388 0.071429 998
0.802933 0.266667 302
0.727120 0.500000 945
0.739143 0.966667 368
0.872825 0.250000 232
-0.920679 0.366667 757
0.803860 0.095455 390
0.731105 0.071429 996
-0.726787 0.033333 772
1.013232 0.500000 16
-0.928731 0.100000 716
0.656586 0.100000 323
-0.602073 0.750000 1002
0.756270 0.500000 16
-0.838685 0.500000 78
0.776270 0.033333 1051
0.778460 0.500000 396
0.830143 0.033333 387
0.738426 6.500000 1220
0.740761 26.500000 1220
-0.793827 0.500000 497
0.751912 0.500000 16
0.887659 0.350000 726
0.753760 0.250000 972
-0.651352 0.750000 1002
-0.864927 0.033333 365
-0.736112 0.250000 505
0.844988 0.500000 945
0.737456 0.500000 495
0.785022 0.083333 360
0.907674 0.500000 16
-0.913702 0.100000 1176
0.724380 0.500000 425
0.696752 0.033333 785
0.779835 0.750000 117
0.760280 0.166667 1019
0.753737 0.166667 675
0.641538 0.083333 360
0.896108 0.500000 16
-0.775685 0.138095 1053
0.649057 0.500000 945
-0.817771 0.100000 756
-0.760863 0.250000 969
0.801463 0.464286 180
0.627724 0.258333 1050
-0.758892 0.071429 994
0.902495 0.500000 396
0.756356 0.266667 302
0.684149 4.500000 1220
0.920615 0.500000 16
0.843364 0.083333 360
0.870410 13.500000 1220
0.806165 0.033333 387
-0.824954 0.250000 231
-0.772429 0.071429 579
0.759017 0.166667 674
-0.861682 0.166667 281
0.926767 0.080128 390
0.697072 0.366667 374
-0.912278 0.250000 505
0.864911 0.500000 16
-1.023305 0.750000 1002
0.714100 0.100000 687
0.660041 0.833333 1167
0.868697 0.071429 996
0.754018 0.500000 945
-0.725670 0.100000 756
0.808980 0.500000 16
0.831269 4.500000 1220
0.826079 0.095455 390
0.878990 0.258333 1050
0.780498 0.033333 785
1.019401 0.500000 16
-0.815505 0.100000 716
0.865679 26.500000 1220
0.895484 0.166667 1019
0.696362 0.877778 369
-0.785687 0.033333 772
0.855674 0.366667 374
0.824800 0.500000 396
-0.793291 0.050000 1160
0.866115 0.500000 16
-0.923039 0.250000 504
-0.788479 0.250000 969
0.893183 0.250000 108
0.784025 0.500000 945
0.805193 0.033333 774
-0.713976 0.100000 761
0.837525 0.033333 387
0.726633 0.464286 180
-0.722638 0.105556 1042
-0.750691 0.679487 1046
0.721565 0.500000 397
0.765124 0.250000 232
-0.667529 0.250000 504
0.859744 0.129167 392
-0.753076 0.166667 281
0.773472 26.500000 1220
-0.836686 0.033333 378
0.773776 0.258333 1050
0.727995 0.500000 396
0.849692 0.500000 16
-0.894993 0.100000 1176
0.793486 0.129167 1048
0.748295 0.612500 324
0.627831 0.266667 302
-0.844206 0.750000 1002
0.821351 0.500000 16
-1.065998 0.250000 505
-0.824487 0.500000 690
-0.668340 0.033333 1169
0.755765 0.500000 16
0.830676 0.033333 785
0.804581 0.069048 390
0.968380 0.366667 374
-0.917113 0.250000 504
0.742357 0.105556 329
-0.708047 0.033333 761
0.707373 0.500000 945
-0.819190 0.033333 365
-0.771217 0.033333 772
0.838798 0.500000 16
-0.805612 0.050000 1160
0.825808 0.148352 1050
0.798879 0.080128 365
0.621740 0.500000 945
0.691699 0.250000 108
-0.836964 0.250000 969
0.670590 8.500000 1220
0.688219 0.500000 16
0.847235 0.033333 785
0.848627 26.500000 1220
0.843385 0.166667 1019
-0.777123 0.033333 788
-0.822540 0.071429 998
-0.809995 0.500000 78
0.797852 0.500000 425
-0.814890 0.071429 579
-0.643023 0.250000 749
0.827806 0.500000 16
-0.799878 0.166667 281
0.874812 0.450000 302
0.751574 0.069048 390
-0.829431 0.050000 1158
0.698502 0.500000 16
-0.858505 0.250000 504
0.700859 0.366667 374
0.817627 0.071429 605
0.711970 0.500000 396
0.809082 0.166667 675
-0.745119 0.750000 1002
-0.739758 0.150000 720
1.010681 0.500000 16
-0.879081 0.100000 716
0.716004 0.071429 996
0.812253 0.069048 390
0.749967 4.500000 1220
0.969340 0.500000 16
0.913287 0.100000 1030
0.829897 0.366667 374
-0.795598 0.250000 231
0.850208 0.171429 359
0.711478 0.258333 1050
0.837355 0.500000 396
0.882356 0.250000 232
-0.818739 0.100000 1176
0.947357 0.500000 945
0.729206 0.166667 675
0.716298 0.250000 108
-0.768688 0.250000 969
0.775325 4.500000 1220
0.818943 0.071429 212
-0.793158 0.166667 757
-0.833183 0.500000 690
0.855369 0.033333 387
0.783425 0.350000 726
0.802455 0.250000 225
-0.752092 0.750000 1002
0.798134 0.250000 108
0.918066 0.500000 16
-0.802501 0.300000 684
0.740145 13.500000 1220
0.891368 0.258333 1050
0.937986 0.500000 396
0.839894 0.250000 232
-0.755800 0.750000 1002
0.776437 0.171429 359
-0.710013 0.500000 78
0.813719 0.500000 16
-0.888259 0.033333 761
0.684195 0.100000 1030
0.823827 26.500000 1220
0.769634 4.500000 1220
0.786234 0.500000 16
-0.802279 0.250000 1127
0.748802 0.366667 374
0.807749 0.500000 396
0.879586 0.129167 1048
-0.835691 0.105556 1042
0.797900 0.033333 390
0.853792 0.500000 16
-0.948305 0.250000 504
0.856511 0.366667 374
0.816835 0.050000 1164
0.817438 0.033333 781
-0.846034 0.250000 533
0.649207 26.500000 1220
0.889641 0.166667 1019
0.705570 10.500000 1220
0.717210 0.033333 387
-0.767404 0.033333 772
0.863368 0.033333 774
-0.707545 0.816667 1035
0.783538 0.500000 16
-0.885827 0.150000 725
0.752825 0.450000 302
0.757996 0.500000 397
0.715415 0.069048 390
0.742323 0.250000 232
-0.799399 0.100000 716
0.770744 0.366667 374
-0.814187 0.250000 504
0.830222 0.500000 16
0.966783 0.500000 396
0.726401 0.129167 1048
0.756227 0.148352 1050
-0.704782 0.050000 1160
0.901561 0.500000 16
-0.933709 0.250000 505
-0.840376 0.750000 1002
1.058597 26.500000 1220
0.779789 0.250000 108
0.716538 0.500000 945
-0.814960 0.100000 1176
0.948392 0.500000 16
-0.869644 0.033333 378
0.681261 0.166667 675
0.846154 0.050000 1164
0.781824 0.366667 374
-0.819199 0.250000 504
0.809345 0.500000 16
0.900336 0.033333 390
-0.768447 0.750000 1002
0.726848 0.500000 16
-0.930972 0.150000 720
0.642962 0.105556 329
-0.783754 0.033333 761
-0.701498 0.033333 1169
-0.760440 0.550000 726
-0.671364 0.071429 998
-0.623237 0.050000 1160
0.823516 0.500000 16
0.846148 0.083333 360
0.847328 26.500000 1220
0.878683 0.166667 1019
0.896045 0.500000 425
0.754827 0.500000 396
0.884995 0.500000 86
0.687627 0.500000 945
-0.752918 0.100000 1176
0.885548 0.033333 387
-0.833399 0.250000 231
0.783291 0.166667 675
0.684436 0.500000 945
-0.716442 0.150000 720
0.829475 0.500000 16
-0.860351 0.750000 1002
0.819959 0.154762 338
0.761198 10.500000 1220
0.677220 0.050000 1164
0.832374 0.500000 16
-0.846729 0.250000 641
0.770998 0.750000 117
-0.825793 0.100000 716
-0.832691 0.250000 969
0.874142 0.100000 687
-0.744666 0.500000 78
0.766634 0.500000 16
0.849121 0.763889 1035
-0.901240 0.750000 1002
-0.657790 0.033333 365
-0.745576 0.250000 505
0.897848 0.500000 16
0.839712 0.033333 390
0.682366 0.129167 1048
0.708141 0.500000 396
0.893680 0.258333 1050
0.734444 0.250000 232
0.919461 0.350000 726
0.888099 26.500000 1220
0.895503 0.050000 1164
0.795479 0.612500 324
0.671773 0.366667 374
0.960388 4.500000 1220
0.813022 0.500000 16
-0.888708 0.033333 770
0.754942 0.966667 368
-0.685837 0.500000 259
0.759879 0.033333 390
0.600583 0.500000 945
0.697102 0.292857 1056
-0.871888 0.100000 1176
0.678855 0.500000 16
-0.879491 0.500000 497
0.598781 0.033333 781
-0.740236 0.100000 716
0.744258 0.500000 16
-0.817064 0.250000 505
0.810745 0.166667 674
0.936856 0.500000 396
0.791585 0.033333 1051
-0.941204 0.750000 1002
0.820628 26.500000 1220
0.934555 4.500000 1220
0.887798 0.500000 16
-0.846845 0.166667 757
0.733982 0.069048 390
-0.667686 0.071429 998
-0.735098 0.816667 1035
0.899996 26.500000 1220
0.824135 0.033333 785
0.840499 0.250000 232
0.711628 0.500000 944
0.859461 0.258333 1050
0.683886 0.100000 288
0.854675 0.087121 392
-0.688414 0.250000 231
0.798698 0.071429 996
0.680672 0.500000 945
0.709092 0.612500 324
-0.817763 0.100000 1176
0.910026 0.500000 16
-0.858658 0.500000 78
-0.677928 0.071429 998
0.644714 0.069048 390
0.665768 0.500000 945
0.823458 0.250000 158
-0.918073 0.250000 1098
0.868223 0.500000 16
0.842842 0.250000 510
0.780885 0.966667 368
0.797454 0.033333 387
-0.959984 0.100000 716
0.700621 0.250000 232
0.802566 0.500000 396
0.786823 0.033333 1051
-0.768167 0.750000 1002
0.900646 26.500000 1220
0.872769 0.083333 360
0.858816 0.500000 16
-0.969988 0.150000 720
-0.702151 0.750000 1002
0.947898 0.166667 675
0.738155 0.050000 749
0.810571 0.500000 16
-0.878318 0.250000 641
0.641879 0.500000 945
0.789005 0.500000 86
-0.739110 0.150000 1164
0.691702 0.033333 774
0.685413 0.500000 945
0.712203 0.500000 425
0.866840 0.033333 785
0.860190 0.069048 390
0.866272 0.250000 232
0.762832 0.050000 1164
0.768235 0.166667 675
-0.757238 0.250000 505
0.874926 0.366667 374
0.791078 0.250000 1008
-0.626650 0.750000 980
-0.774360 0.150000 720
0.796257 0.500000 16
0.880489 0.083333 360
0.800745 0.033333 387
0.808552 0.500000 396
-0.743543 0.105556 1042
0.741414 0.166667 674
0.858477 4.500000 1220
0.872519 0.129167 392
-0.787120 0.250000 150
0.644129 0.171429 359
0.730123 0.166667 1019
0.849449 0.500000 16
-0.981727 0.100000 1176
-0.759081 0.500000 690
0.638709 0.129167 1048
0.646740 0.500000 16
-0.935919 0.250000 505
0.702840 0.366667 374
0.809082 0.500000 396
0.694689 0.069048 390
0.852779 0.250000 232
-0.854992 0.166667 281
0.789719 0.148352 1050
0.851193 13.500000 1220
-0.782439 0.750000 1002
0.856833 0.500000 16
-1.090167 0.150000 720
-0.623426 0.033333 788
0.759847 0.033333 785
0.945700 0.500000 16
-0.835868 0.750000 1002
0.694064 0.250000 108
-0.723571 0.033333 1169
0.679371 0.366667 374
0.885372 0.500000 396
0.673560 0.033333 387
-0.904570 0.250000 504
0.886955 26.500000 1220
-0.808090 0.033333 378
0.788725 0.500000 945
0.798859 0.464286 180
0.772144 0.258333 1050
-0.806371 0.071429 994
-0.798691 0.250000 231
0.805145 0.500000 16
-0.934169 0.100000 1176
0.746813 0.267857 215
0.788186 0.100000 1030
-0.819404 0.250000 969
-0.722667 0.071429 579
0.759451 0.100000 687
-0.637542 0.250000 533
0.733414 0.500000 16
0.902397 0.050000 749
0.724632 0.266667 302
0.720799 0.500000 945
-0.881445 0.100000 757
0.688518 0.069048 390
-0.692567 0.071429 998
-0.692485 0.500000 690
-0.733739 0.150000 720
0.771154 0.500000 16
-0.846180 0.750000 1002
0.747230 0.450000 302
0.917905 4.500000 1220
0.948274 26.500000 1220
0.853401 0.500000 945
-0.919408 0.500000 78
0.923509 0.500000 425
0.792489 0.083333 360
0.914947 0.500000 16
-0.931035 0.250000 505
0.787634 0.148352 1050
0.786934 0.250000 988
0.639660 0.500000 396
0.864231 0.250000 232
-0.734352 0.250000 231
0.831556 0.366667 374
0.898476 0.033333 390
0.719754 0.250000 510
0.894375 0.500000 16
0.863497 0.050000 1164
0.774301 0.250000 251
0.677605 0.071429 996
-0.827241 0.750000 1002
-0.737501 0.071429 576
0.881229 0.500000 16
-0.905428 0.100000 716
0.902353 26.500000 1220
-0.900817 0.033333 772
0.723295 0.500000 16
-0.793479 0.250000 641
-0.734921 0.050000 1160
0.858072 0.750000 117
0.723101 0.250000 1008
0.752930 0.366667 374
0.963685 0.033333 785
0.826125 0.500000 16
-0.872891 0.250000 504
0.828730 0.069048 390
-0.782357 0.071429 181
-0.814200 0.100000 716
0.763819 0.500000 16
0.791215 6.500000 1220
0.791946 0.258333 1050
0.746516 0.105556 329
0.717711 0.100000 1030
0.848106 26.500000 1220
-0.703612 0.033333 378
0.631132 0.500000 945
0.820705 0.250000 108
-0.898912 0.250000 969
-0.700249 0.250000 505
0.914739 0.500000 16
0.857625 0.500000 396
0.887851 0.266667 302
-0.795541 0.750000 1002
0.785325 0.171429 359
-0.868352 0.100000 756
0.835144 0.500000 16
-0.939766 0.071429 204
0.684875 0.258333 1050
0.661884 0.069048 390
-0.741590 0.071429 994
0.733601 0.083333 360
0.927116 0.500000 16
-0.853335 0.071429 1119
0.720999 0.166667 675
-0.749201 0.166667 281
0.875364 0.366667 374
0.830385 0.033333 390
-0.737599 0.071429 998
0.780729 0.500000 945
-0.718221 0.100000 756
-0.680537 0.050000 752
0.716780 0.500000 16
-0.924393 0.450000 1034
0.768938 0.450000 302
0.921408 0.500000 945
-0.699598 0.500000 78
0.709092 0.500000 16
-0.838157 0.100000 1176
0.755138 0.069048 390
-0.694162 0.071429 998
-0.771613 0.500000 690
-0.734281 0.166667 757
0.820917 0.500000 16
-0.858396 0.050000 1158
0.725321 0.258333 1050
0.720745 0.171429 359
-0.733778 0.250000 231
0.790004 0.500000 16
0.833130 0.100000 1030
-0.813168 0.033333 788
0.781199 0.500000 438
0.735214 0.366667 374
-0.912232 0.166667 281
0.840736 0.500000 16
-0.799532 0.250000 974
0.788925 0.071429 996
0.937951 0.069048 390
-0.792400 0.033333 772
0.920799 0.500000 16
-0.791284 0.750000 1002
-0.811961 0.150000 720
0.780392 26.500000 1220
0.800064 0.050000 1164
0.868220 0.500000 16
-0.839133 0.250000 641
-0.680982 0.633333 1024
0.690678 0.171429 359
-0.713872 0.071429 998
-0.696875 0.050000 1160
0.834566 0.500000 16
0.963220 0.100000 1030
0.750528 0.105556 329
0.857379 0.266667 302
0.728678 0.129167 1048
0.744573 0.500000 396
0.768156 0.250000 232
0.861477 0.033333 390
-0.675766 0.033333 761
0.716478 0.500000 16
1.035701 6.500000 1220
0.729378 0.366667 374
0.852033 0.500000 396
0.739297 0.033333 387
-0.999143 0.250000 505
0.921825 0.033333 774
-0.898697 0.750000 1002
0.875061 0.500000 16
-0.865486 0.100000 716
0.867405 26.500000 1220
-0.862754 0.100000 1149
0.736993 0.500000 16
-0.883440 0.100000 1176
0.651788 0.148352 1050
0.718551 0.250000 1008
0.811125 0.033333 387
-0.806056 0.250000 231
0.772235 0.500000 16
-0.868989 0.250000 504
-0.816455 0.250000 969
0.827270 0.500000 396
-0.877221 0.033333 365
0.842609 0.069048 390
0.741804 0.071429 605
0.816264 11.500000 1220
0.696968 0.250000 108
0.760050 0.500000 16
-0.933696 0.750000 1002
-0.733377 0.150000 720
0.785273 0.500000 16
0.909290 0.050000 1164
0.845962 0.366667 374
0.857703 0.050000 724
0.807397 0.148352 1050
0.680600 11.500000 1220
0.686883 0.500000 945
0.701752 0.166667 675
0.864971 0.350000 726
0.990171 0.033333 387
0.776079 0.500000 396
0.884818 0.250000 232
-0.833055 0.250000 505
0.886333 0.069048 390
-0.838526 0.071429 579
0.725147 0.366667 374
0.890281 0.033333 785
0.780852 0.500000 16
-0.883827 0.500000 78
0.783624 0.105556 329
0.692266 0.258333 1050
-0.924470 0.250000 1098
0.874497 26.500000 1220
0.750687 0.500000 945
-0.817664 0.033333 378
0.690754 0.071429 996
0.733992 0.408333 360
0.730499 0.707143 1035
0.789075 0.500000 16
0.949922 0.250000 510
0.736681 0.166667 675
-0.776103 0.816667 1035
0.734001 0.366667 374
-0.818455 0.300000 684
0.832614 0.500000 16
-0.901526 0.250000 231
0.705044 0.171429 359
-0.699059 0.750000 1002
0.804697 0.071429 996
0.784409 0.500000 396
0.893994 0.250000 232
0.826288 0.069048 390
-0.785631 0.100000 1176
0.856718 0.500000 945
0.899925 0.258333 1050
-0.693723 0.250000 505
1.060282 0.500000 16
0.938550 0.050000 724
0.722327 0.266667 302
0.732229 0.087121 392
0.799429 0.833333 1167
0.740565 0.750000 117
-0.709819 0.250000 641
0.801952 0.500000 16
-0.929295 0.300000 687
0.787350 0.166667 674
-0.770613 0.250000 505
0.756180 0.500000 16
0.909041 0.500000 396
-0.740709 0.050000 1160
0.800161 0.033333 387
-0.826103 0.450000 1034
0.764938 0.500000 16
-0.790885 0.750000 1002
0.813964 0.100000 711
-0.752942 0.150000 720
-0.827117 0.750000 980
0.735515 0.258333 1050
0.701789 0.500000 396
0.854209 0.250000 232
0.739394 0.033333 785
0.830991 26.500000 1220
-0.873426 0.750000 1002
0.703303 0.500000 425
0.814168 0.033333 390
-0.679408 0.250000 504
0.978804 0.500000 16
0.828226 0.050000 1164
0.838398 0.071429 996
0.685843 11.500000 1220
0.737561 0.166667 1019
0.751360 0.500000 16
-0.833941 0.100000 1176
0.743274 0.171429 359
-0.733018 0.033333 761
0.804535 0.500000 945
-0.723280 0.071429 998
-0.798867 0.500000 78
0.886157 0.500000 16
-0.904805 0.250000 641
-0.693862 0.050000 1160
0.915031 0.500000 16
0.886345 0.050000 724
0.746809 0.750000 117
-0.720501 0.750000 1002
0.816927 0.500000 86
0.661895 0.100000 687
0.689253 0.033333 387
0.856387 0.500000 396
0.740366 0.250000 232
-0.850723 0.250000 504
0.811016 0.069048 390
0.818485 0.366667 374
1.052823 0.050000 1164
0.788389 0.500000 16
0.798185 6.500000 1220
0.742050 0.500000 945
0.866134 0.250000 158
-0.656204 0.750000 1002
0.712679 26.500000 1220
0.938502 0.350000 726
0.850570 0.500000 16
-0.905279 0.250000 641
0.728643 0.129167 1048
0.678649 0.033333 774
-0.713678 0.250000 505
0.987643 0.500000 16
0.845958 0.033333 785
0.806760 0.069048 390
0.696931 0.033333 387
-0.873883 0.033333 772
0.843095 0.166667 674
-1.068108 0.633333 762
-0.737805 0.166667 757
0.765204 0.105556 329
0.775070 0.366667 374
0.893029 0.100000 1030
0.812367 13.500000 1220
-0.759101 0.050000 752
0.677857 0.500000 16
-0.962841 0.750000 1002
-0.808232 0.150000 720
0.878341 0.500000 16
-0.878366 0.166667 281
0.784885 0.258333 1050
0.880648 0.171429 359
0.718586 0.500000 396
0.775222 0.250000 232
0.820447 0.033333 390
-0.770680 0.071429 997
-0.703211 0.033333 1169
-0.805451 0.033333 788
0.716076 0.033333 1051
0.807469 0.500000 945
-0.873692 0.500000 78
0.722711 0.500000 16
-0.889005 0.033333 761
-0.807367 0.250000 504
0.802521 0.500000 16
-0.955980 0.750000 1002
0.750257 0.250000 108
0.898611 26.500000 1220
-0.937794 0.071429 1114
0.745144 0.366667 374
-0.745167 0.250000 533
0.708784 0.033333 781
0.764027 4.500000 1220
0.798689 0.500000 16
0.838538 0.500000 944
-0.760007 0.050000 1160
0.731000 0.071429 996
0.725412 0.071429 605
0.735934 0.500000 16
-0.902202 0.100000 716
0.772821 0.105556 329
-0.785502 0.071429 579
-0.708704 0.100000 1176
0.930395 0.166667 674
0.718952 0.069048 390
-0.903239 0.250000 504
0.946228 0.500000 16
0.895462 0.100000 1030
0.802773 0.366667 374
0.930143 0.500000 396
-0.661066 0.105556 1041
-0.692486 0.250000 969
0.890746 0.464286 180
0.671448 0.129167 1048
-0.716492 0.250000 504
1.065004 0.500000 16
0.789518 4.500000 1220
0.878995 0.250000 158
0.848337 0.500000 945
-0.721304 0.100000 757
-0.731647 0.500000 690
0.650670 0.033333 387
0.807607 0.350000 726
0.744218 0.069048 390
0.745573 0.366667 374
-0.920209 0.033333 772
0.905945 0.500000 16
0.952827 0.050000 1164
0.823345 0.033333 774
-0.782057 0.750000 1002
0.747534 26.500000 1220
-0.856655 0.250000 505
0.868964 0.500000 16
0.885696 0.083333 360
0.830442 0.500000 425
0.681447 0.500000 945
0.773627 0.148352 1050
-0.852233 0.500000 78
0.833307 0.080128 392
-0.694460 0.150000 720
0.698231 0.500000 16
-0.955995 0.250000 231
0.748969 13.500000 1220
-0.747088 0.750000 1002
0.820173 0.366667 374
0.963168 0.500000 396
0.802468 0.250000 232
-0.847800 0.100000 716
0.815233 26.500000 1220
-0.826039 0.150000 720
0.727000 0.250000 1008
0.772085 0.148352 1050
0.787153 0.500000 16
0.916157 0.033333 785
0.864849 0.069048 390
0.857496 0.033333 387
0.995183 4.500000 1220
0.853197 0.366667 374
0.865523 0.500000 396
0.705276 0.250000 232
-0.712880 0.100000 1176
-0.897723 0.500000 690
-0.787870 0.071429 994
0.746302 0.069048 390
0.680322 0.071429 996
0.854232 0.166667 1019
0.724096 0.171429 359
-0.689460 0.071429 997
0.751653 0.100000 288
0.922346 0.500000 16
0.913769 0.250000 510
0.810268 0.242857 993
-0.722849 0.033333 761
-0.689877 0.100000 1149
0.867355 0.500000 16
-0.804520 0.100000 1176
-0.920548 0.500000 690
0.598512 0.500000 425
0.724631 0.100000 1030
0.825331 26.500000 1220
0.723036 4.500000 1220
0.767158 0.500000 16
-0.805414 0.750000 1002
-0.732940 0.150000 720
0.843310 0.033333 774
0.692562 0.500000 945
0.794686 0.033333 387
-0.935997 0.500000 78
0.831127 0.171429 359
-0.701847 0.071429 581
0.791855 0.500000 16
0.884336 0.083333 360
0.785797 0.292857 1056
-0.807454 0.250000 504
0.828598 0.069048 390
0.825014 0.258333 1050
0.873810 0.500000 396
0.957334 0.250000 232
0.774688 0.966667 368
-0.705386 0.071429 1114
0.760558 0.166667 675
0.716461 0.033333 1048
0.791231 0.500000 425
-0.674972 0.166667 785
-0.644077 0.050000 1160
0.772133 0.500000 16
-0.877885 0.166667 281
0.807413 0.366667 374
-0.809109 0.250000 504
0.744838 0.500000 945
0.771664 0.148352 1050
0.758707 0.069048 390
0.764487 0.250000 232
0.779232 0.500000 396
-0.746946 0.071429 997
-0.858301 0.033333 1169
-0.756970 0.585714 991
0.868355 0.250000 108
-0.688956 0.750000 1002
0.817232 0.500000 16
-1.014753 0.100000 1176
0.761298 0.071429 996
0.742028 0.069048 390
0.756002 0.500000 945
-0.747879 0.100000 756
0.715317 0.500000 16
-0.954172 0.100000 716
0.778836 0.366667 374
0.779155 0.050000 1164
0.843448 0.166667 675
0.763823 0.083333 360
0.969925 0.500000 16
-0.915306 0.250000 504
-0.783142 0.750000 1002
0.977407 0.750000 117
-0.686968 0.050000 1160
0.839183 0.500000 16
-0.928304 0.250000 641
0.646889 0.366667 374
0.929168 0.500000 396
0.724462 0.500000 86
0.662080 0.500000 945
-0.770977 0.071429 997
-0.735488 0.500000 78
0.865008 0.500000 16
0.917977 0.033333 785
0.876637 0.171429 359
-0.682459 0.071429 579
0.732824 0.071429 605
0.760417 0.033333 387
0.852283 6.500000 1220
0.808863 0.266667 293
-0.877723 0.033333 761
0.701465 0.166667 1019
0.956423 13.500000 1220
-0.615755 0.250000 231
0.800163 0.500000 16
-0.801488 0.100000 1176
0.744521 0.069048 390
-0.857188 0.633333 1024
0.732290 0.450000 302
0.761057 4.500000 1220
0.933096 0.500000 16
0.887583 0.050000 1164
0.762938 0.171429 359
-0.701608 0.750000 1002
0.847233 0.500000 16
-0.893285 0.250000 641
0.716214 0.166667 674
-0.885045 0.250000 505
0.795556 0.877778 369
0.806128 0.100000 1030
0.920976 0.500000 16
0.807609 0.500000 396
-0.821318 0.050000 1160
0.951077 0.258333 1050
0.701356 0.500000 16
-0.939279 0.250000 974
0.824492 0.033333 387
-0.759563 0.250000 504
0.868744 0.166667 675
0.818876 0.500000 396
0.791682 0.250000 232
-0.824724 0.033333 761
0.785248 0.129167 1048
0.673469 8.500000 1220
0.659785 0.500000 16
0.810525 0.083333 360
0.713652 26.500000 1220
-0.877480 0.750000 1002
0.760396 0.250000 222
0.723827 0.033333 785
0.919056 0.500000 16
0.832683 0.148352 1050
0.839130 0.350000 726
0.900230 0.033333 387
0.840133 0.500000 396
0.771033 13.500000 1220
0.694937 0.250000 232
-0.894559 0.750000 1002
-0.853973 0.150000 720
0.830310 26.500000 1220
-0.835197 0.166667 281
0.830468 0.500000 16
-0.796083 0.050000 1160
0.657653 0.148352 1050
0.803000 0.105556 329
-0.761660 0.300000 687
0.824753 0.366667 374
0.767782 0.083333 360
0.881180 0.500000 16
-0.924462 0.250000 505
0.787735 0.166667 675
0.902814 0.500000 945
-0.712368 0.150000 721
0.636479 0.033333 387
0.864287 0.500000 396
-0.724993 0.033333 365
-0.893458 0.750000 1002
0.751192 0.500000 16
-0.908645 0.300000 684
0.768932 0.069048 390
0.802426 0.071429 580
0.856123 0.500000 16
-0.869764 0.500000 78
0.825319 0.071429 996
-0.833506 0.633333 762
0.723630 0.250000 510
0.873614 0.080128 392
0.776230 0.166667 1019
0.879794 0.500000 425
0.658783 0.464286 180
-0.689349 0.750000 145
0.725803 0.500000 16
-0.814489 0.100000 1176
-0.682053 0.033333 761
0.794837 0.500000 16
-0.890827 0.750000 1002
0.695384 0.250000 108
-0.695325 0.607692 1046
-0.683073 0.250000 504
0.778353 0.033333 774
0.658730 0.500000 945
0.790383 0.500000 86
-0.727731 0.250000 533
0.822778 0.105556 329
-0.732186 0.050000 1160
0.713554 0.500000 16
-0.836879 0.100000 716
0.783797 0.366667 374
0.869201 0.500000 396
-0.707372 0.100000 757
0.683909 0.250000 232
0.761017 0.500000 945
0.760362 0.069048 390
-0.918483 0.250000 504
0.951070 0.366667 374
-0.858307 0.250000 231
0.759170 0.250000 225
-0.689376 0.033333 378
0.670464 11.500000 1220
0.738345 0.258333 1050
0.727675 0.050000 1164
0.989488 0.500000 16
0.910794 0.100000 288
0.840435 0.166667 675
0.826597 0.166667 1019
0.746499 0.166667 674
-0.802421 0.071429 581
0.879576 0.250000 988
-0.786478 0.071429 997
0.798760 0.033333 390
0.830300 0.250000 232
0.998382 0.500000 396
0.664833 0.366667 374
0.904423 4.500000 1220
0.780411 26.500000 1220
-0.828355 0.033333 770
0.852448 0.500000 16
0.912180 0.050000 1164
0.762667 0.766667 762
-0.780922 0.250000 641
0.717351 0.500000 16
-0.950246 0.250000 504
-0.772496 0.250000 969
0.792544 0.069048 390
0.752724 0.500000 396
0.745258 0.250000 232
-0.885960 0.100000 716
0.813120 0.500000 16
-0.848085 0.100000 1176
0.836506 0.258333 1050
0.808256 0.500000 945
-0.876592 0.100000 757
-0.682857 0.500000 690
0.633721 0.171429 359
0.693413 0.166667 1019
0.825409 0.500000 16
0.865313 0.707143 1035
-0.762251 0.500000 78
0.783567 26.500000 1220
-0.815803 0.050000 1158
-0.733731 0.071429 997
0.798359 0.500000 945
0.798392 0.154762 338
0.702637 0.612500 324
-0.737248 0.300000 687
0.814774 0.500000 16
-0.817502 0.100000 1176
0.698290 0.966667 368
-0.672319 0.750000 1002
0.756733 0.500000 16
0.917700 0.033333 785
0.829724 0.071429 996
0.878359 0.033333 390
-0.826441 0.071429 997
0.698857 0.250000 232
0.742732 0.500000 396
0.684601 0.366667 374
-0.969003 0.250000 504
0.882044 0.069048 390
0.822804 0.500000 16
-0.982367 0.100000 716
0.821480 0.366667 374
0.753417 4.500000 1220
0.732199 26.500000 1220
-0.845713 0.750000 1002
0.716607 0.500000 16
0.940079 0.083333 360
0.740165 0.033333 781
-0.794392 0.150000 720
0.788578 0.500000 945
0.789993 0.071429 996
0.809698 0.100000 687
-0.826353 0.500000 78
0.796910 0.500000 425
-0.796898 0.250000 543
0.830369 0.500000 16
0.896850 0.050000 1164
0.818483 26.500000 1220
0.831772 0.166667 1019
0.732389 0.171429 359
-0.690410 0.071429 576
0.744231 0.500000 16
-0.874205 0.750000 1002
0.799828 0.500000 36
0.787996 0.033333 774
-0.842241 0.100000 761
0.766798 0.266667 293
-0.813409 0.250000 504
0.765090 0.166667 674
0.726902 0.500000 396
0.710474 0.033333 387
0.791125 4.500000 1220
-0.809139 0.500000 690
0.792112 0.129167 1048
0.773568 0.500000 16
-1.000432 0.300000 684
0.773713 0.148352 1050
0.751752 0.500000 16
-0.942153 0.050000 1160
0.864797 0.500000 396
0.802082 0.250000 232
0.732869 13.500000 1220
-0.819338 0.750000 1002
0.804382 0.250000 108
0.738101 0.171429 359
-0.738356 0.100000 761
0.896961 0.500000 16
0.793047 0.148352 1050
0.785010 0.250000 510
-0.759035 0.585714 991
0.654594 0.033333 390
0.673138 0.766667 762
0.884695 0.500000 397
-0.743701 0.100000 756
0.768847 0.366667 374
-0.850745 0.750000 1002
0.747496 0.500000 16
-0.976551 0.250000 505
-0.780259 0.500000 654
0.688709 0.500000 425
0.735455 0.100000 1030
0.831904 26.500000 1220
0.784943 4.500000 1220
0.817629 0.500000 16
-0.829369 0.250000 749
0.792476 0.033333 781
0.790955 0.129167 1048
0.676223 0.050000 1164
0.756011 0.500000 16
-0.912196 0.100000 1176
0.734662 0.033333 774
-0.581114 0.300000 687
0.832706 0.292857 1056
0.738492 0.500000 396
0.674288 0.250000 232
0.777904 0.033333 390
-0.750616 0.071429 997
-0.746461 0.033333 1169
0.718547 0.266667 302
0.777320 0.500000 945
0.794147 0.464286 180
-0.778179 0.033333 761
0.778344 0.266667 293
-0.978098 0.250000 504
0.793564 0.500000 16
-0.893776 0.750000 1002
0.838092 0.033333 1051
-0.725267 0.033333 772
0.843653 0.033333 387
-0.798268 0.166667 281
0.979035 26.500000 1220
0.856875 0.083333 360
0.880493 0.500000 16
0.855727 0.350000 726
0.861610 0.069048 390
0.742898 0.366667 374
0.803926 0.500000 397
-0.744617 0.150000 720
0.887831 0.500000 16
-0.866743 0.750000 1002
0.723634 0.166667 675
-0.888490 0.100000 716
0.755013 0.033333 387
0.844249 6.500000 1220
0.828200 0.500000 16
-0.865623 0.100000 1171
0.740507 0.750000 117
-0.722505 0.250000 641
0.698216 0.500000 16
0.889410 0.033333 1048
0.796393 11.500000 1220
0.871463 0.250000 158
0.797778 0.050000 1164
0.865773 0.500000 16
-0.867080 0.250000 505
0.710296 0.069048 390
0.730256 0.366667 374
-0.868686 0.250000 231
0.693499 0.500000 945
-0.752996 0.100000 1176
1.082749 0.500000 16
0.800477 0.148352 1050
-0.802768 0.500000 78
-0.685716 0.750000 1002
0.919994 0.500000 16
-0.785748 0.071429 1114
0.833961 0.171429 359
-0.823016 0.033333 761
0.645720 0.500000 16
0.865643 4.500000 1220
0.737193 26.500000 1220
0.872581 0.166667 1019
0.815893 0.500000 425
0.872957 0.033333 390
-0.930484 0.071429 997
-0.686592 0.750000 980
0.692483 0.450000 302
0.928581 0.500000 396
-0.808477 0.033333 1169
0.809962 0.033333 387
-0.758235 0.750000 1002
-0.840064 0.150000 720
0.869713 0.500000 16
-0.830535 0.250000 641
0.674128 0.266667 293
-0.890156 0.033333 770
0.647472 0.500000 16
0.839010 0.500000 396
0.839435 0.500000 86
0.639170 4.500000 1220
0.806064 26.500000 1220
0.735658 0.050000 1164
0.776015 0.366667 374
0.841621 0.033333 390
-0.768567 0.071429 997
0.803524 0.500000 945
0.802892 0.250000 232
-0.949540 0.100000 1176
0.710125 0.166667 675
0.764760 0.033333 785
0.901435 0.500000 16
-0.849340 0.750000 1002
0.823126 0.250000 108
0.706396 0.071429 996
-0.794393 0.250000 505
0.914310 0.500000 945
0.842429 0.069048 390
0.878283 0.500000 16
-1.030182 0.166667 757
0.804967 0.258333 1050
0.692599 4.500000 1220
1.018759 26.500000 1220
-0.804812 0.250000 231
-0.804412 0.250000 969
0.718363 0.500000 396
0.800437 0.500000 16
-0.945514 0.250000 504
0.807258 0.366667 374
-0.884337 0.100000 716
0.777872 0.033333 781
-0.800296 0.900000 1024
0.952874 0.500000 16
-0.852370 0.250000 641
0.728199 0.750000 117
-0.825898 0.750000 1002
-0.628249 0.100000 756
0.667020 20.500000 1220
0.809521 0.050000 1164
0.902820 0.500000 16
0.853642 0.083333 360
0.772281 0.366667 374
-0.897670 0.050000 1160
0.737805 0.105556 329
0.651727 0.148352 1050
0.674109 10.500000 1220
-0.668865 0.816667 1035
0.761791 0.500000 16
0.941018 0.050000 1164
0.886792 0.166667 675
-0.709587 0.300000 684
0.773537 0.500000 16
0.829990 0.100000 1030
0.776687 0.069048 390
0.880809 0.366667 374
-0.961647 0.033333 772
0.738689 0.500000 16
-0.931067 0.100000 716
0.717985 0.250000 225
-0.727361 0.750000 1002
0.783818 0.500000 425
0.782905 0.033333 390
-0.717327 0.071429 997
-0.653192 0.033333 761
0.755904 0.500000 16
1.058869 0.100000 1030
0.821941 26.500000 1220
-0.769493 0.033333 772
0.774893 0.500000 16
-0.829575 0.250000 749
0.789320 0.129167 1048
0.764069 0.250000 158
0.813736 0.500000 396
0.839097 0.500000 16
-1.081645 0.250000 505
0.849442 0.366667 374
0.848095 0.069048 390
0.813607 0.833333 1167
0.788596 0.500000 16
0.817474 0.050000 1164
0.741896 0.071429 996
0.895261 0.100000 323
-0.855681 0.750000 1002
-0.762055 0.150000 720
0.950391 0.500000 16
0.804038 0.083333 360
0.826732 26.500000 1220
-0.830254 0.166667 281
0.758215 13.500000 1220
0.691497 0.033333 387
0.847383 4.500000 1220
0.812916 0.366667 374
0.878336 0.500000 396
-0.702037 0.033333 770
1.027522 0.500000 16
-0.829499 0.250000 505
0.852345 0.258333 1050
-0.745185 0.050000 1160
0.848127 0.500000 16
0.876994 0.083333 360
0.749425 0.750000 117
-0.678806 0.100000 716
0.793233 0.080128 392
0.814732 0.166667 1019
0.823790 0.166667 675
-0.772831 0.071429 576
0.767149 0.500000 16
-0.858677 0.250000 1098
0.811546 0.166667 674
0.934193 0.500000 396
0.738164 0.071429 996
-0.675834 0.750000 1002
0.745221 0.619048 180
-0.655535 0.071429 994
-0.700278 0.250000 641
0.819738 0.500000 16
0.877964 0.033333 785
-0.792874 0.450000 1035
-0.745019 0.100000 1176
0.723658 0.033333 774
0.762428 0.250000 232
-0.883760 0.166667 281
0.936486 0.069048 390
0.711363 0.033333 387
-0.840120 0.250000 504
1.026686 0.500000 945
0.884980 0.148352 1050
0.832730 0.250000 232
0.814587 0.500000 396
-0.761055 0.105556 1041
0.684785 0.250000 232
0.842700 0.033333 390
0.682933 0.129167 1048
0.637152 0.105556 359
-0.708549 0.100000 761
0.927570 0.500000 16
-0.901450 0.033333 772
0.858020 0.166667 675
-0.800231 0.750000 1002
0.872860 0.450000 302
0.864882 0.050000 749
0.727143 0.500000 16
-0.848988 0.250000 504
-0.718740 0.033333 788
0.702069 0.500000 945
0.723288 0.250000 158
-0.716685 0.500000 78
0.709994 0.105556 329
-0.742332 0.250000 533
0.805749 0.166667 674
-0.779824 0.500000 1216
0.770415 0.033333 774
0.754872 0.500000 945
0.818734 0.250000 108
0.790523 11.500000 1220
0.799389 0.366667 374
-0.790909 0.071429 204
0.853092 0.500000 16
-0.870887 0.300000 684
0.689190 0.033333 781
-0.780042 0.300000 687
0.822571 0.500000 16
-0.868259 0.033333 761
-0.750953 0.750000 1002
0.773972 26.500000 1220
-0.828649 0.033333 772
0.735990 0.500000 16
0.871990 0.050000 1164
0.718092 0.366667 374
0.875564 0.033333 390
-0.694288 0.071429 997
-0.744035 0.033333 1169
-0.726718 0.071429 579
0.733355 0.500000 425
0.808952 0.100000 1030
0.829399 0.171429 359
0.695995 0.500000 16
-0.966131 0.500000 78
0.830592 0.148352 1050
0.811774 0.500000 396
0.923031 0.250000 232
-0.764719 0.050000 1160
0.818076 0.105556 329
-0.627977 0.250000 231
0.839527 0.250000 173
-0.717577 0.750000 1002
0.710094 0.071429 996
0.849053 0.100000 288
0.794576 0.500000 16
-0.878781 0.300000 684
0.817606 26.500000 1220
0.878907 0.050000 1164
0.745494 0.129167 1048
0.778543 0.500000 16
0.855681 0.500000 396
-0.713246 0.100000 757
-0.772700 0.750000 1002
0.891785 0.366667 374
0.899223 0.033333 390
0.716603 0.500000 16
1.028768 0.350000 726
0.856863 0.148352 1050
0.781437 0.500000 16
0.952731 5.500000 1220
0.752796 26.500000 1220
-0.794408 0.100000 716
0.751150 0.500000 16
-0.836972 0.100000 1149
0.731106 0.033333 781
-0.752940 0.750000 1002
-0.660396 0.150000 720
0.878624 0.500000 16
0.833619 0.050000 724
0.744524 0.450000 302
0.860035 0.500000 396
0.717501 0.033333 387
-0.831362 0.250000 505
0.912594 0.069048 390
-0.850075 0.500000 947
0.570549 0.500000 16
-0.929148 0.250000 1098
0.781191 0.033333 1051
0.713325 0.500000 945
0.803130 0.166667 675
-0.918447 0.166667 757
0.615618 0.500000 16
-0.841990 0.166667 281
0.736132 0.250000 251
0.693482 0.166667 1019
0.837394 26.500000 1220
0.818473 4.500000 1220
0.886672 0.366667 374
0.826861 0.083333 360
0.799539 0.500000 16
-0.785878 0.100000 1176
0.692361 0.069048 390
-0.766391 0.071429 997
0.841471 0.500000 945
0.899114 0.266667 302
-0.765203 0.500000 78
0.825206 0.500000 16
-0.869612 0.100000 716
0.770387 0.105556 329
0.806865 0.071429 996
-0.854064 0.750000 1002
0.770674 0.612500 324
0.744476 0.033333 785
0.884342 0.500000 16
-0.854120 0.250000 505
0.812844 26.500000 1220
0.851286 0.100000 1030
0.793730 0.033333 387
-0.678791 0.500000 497
0.698020 0.033333 774
0.711320 0.033333 1048
0.815901 0.500000 16
0.833453 5.500000 1220
0.911153 0.166667 674
0.848481 0.500000 396
0.768249 13.500000 1220
-0.773660 0.033333 761
0.624749 0.250000 232
-0.834210 0.250000 641
0.702427 0.966667 368
-0.792886 0.750000 1002
0.872829 0.500000 16
-1.013070 0.300000 684
0.696978 0.069048 390
-0.785694 0.930952 367
0.708453 0.129167 1048
0.574491 0.500000 944
0.770327 0.250000 232
0.703135 0.148352 1050
0.794943 0.500000 396
0.755155 0.033333 387
0.879863 8.500000 1220
-0.707378 0.033333 365
0.808709 0.033333 785
0.941820 0.500000 16
-0.826921 0.050000 1160
0.633275 0.105556 329
-0.721326 0.633333 1024
0.736439 0.083333 360
0.855665 0.166667 675
-0.682624 0.250000 504
0.831123 0.500000 16
-0.884068 0.750000 1002
0.750012 0.105556 359
0.749098 0.100000 1030
0.800609 0.500000 16
-0.916251 0.100000 1176
0.730063 0.148352 1050
0.771852 0.500000 945
0.832083 0.500000 36
0.798162 0.877778 369
-0.741081 0.214286 577
0.767670 0.500000 16
-0.817364 0.100000 716
0.814320 0.069048 390
-0.811078 0.071429 994
0.726113 0.258333 1050
0.741488 0.785714 1112
0.814012 0.500000 16
-0.791510 0.250000 505
0.735645 0.033333 387
0.824031 0.500000 396
-0.823027 0.250000 969
0.800664 0.033333 390
0.648527 0.707143 1035
0.659248 0.250000 232
0.758546 0.500000 944
-0.763987 0.033333 365
-0.770360 0.750000 1002
0.658240 0.500000 16
-0.889074 0.100000 1176
-0.692423 0.500000 690
-0.671934 0.150000 720
0.822679 0.500000 16
0.894638 0.050000 724
0.738399 26.500000 1220
0.889844 0.166667 1019
0.799297 0.500000 42
-0.649078 0.033333 378
0.741893 0.500000 425
-0.783255 0.250000 504
-0.783103 0.450000 1035
0.741514 0.083333 360
0.956024 0.500000 16
0.835319 0.050000 1164
0.817207 0.033333 774
-0.730009 0.050000 1160
0.642256 0.366667 374
0.778867 0.083333 360
0.802208 0.500000 16
-0.807140 0.250000 505
0.874894 0.500000 945
0.797760 0.166667 675
-0.729812 0.071429 576
-0.687587 0.750000 1002
0.886958 0.450000 302
0.774016 0.105556 329
0.857529 4.500000 1220
0.876009 0.500000 16
-0.794949 0.500000 78
0.796771 0.069048 390
0.838984 0.148352 1050
0.733311 0.500000 945
0.787204 0.033333 387
1.024821 5.500000 1220
0.754658 0.500000 16
0.968878 0.033333 785
0.872376 26.500000 1220
-0.847939 0.071429 997
-0.932766 0.816667 1035
0.713140 26.500000 1220
-0.925401 0.500000 497
0.667818 0.250000 225
0.690881 0.250000 510
0.797163 0.500000 16
0.892424 0.166667 266
0.677882 0.500000 396
0.748705 0.033333 387
0.827185 0.083333 360
0.780111 11.500000 1220
-0.724412 0.071429 997
0.675729 0.129167 1048
0.632775 0.250000 158
0.714758 0.250000 1008
0.751591 0.500000 16
-1.001898 0.250000 505
-0.674726 0.500000 690
0.777517 0.033333 387
0.841004 5.500000 1220
0.745290 0.500000 16
-0.822688 0.050000 1160
0.761791 0.500000 396
0.958270 0.366667 374
-0.785267 0.100000 788
0.669216 0.069048 390
0.677008 0.250000 232
-0.905270 0.166667 281
0.795898 0.071429 996
0.794865 0.250000 1008
0.775203 0.500000 16
-0.933926 0.100000 1176
0.777217 0.105556 359
0.776012 0.071429 605
-0.746521 0.071429 579
0.750183 0.166667 674
0.770674 0.050000 1164
0.802804 0.500000 16
-0.840735 0.250000 504
0.875021 0.166667 675
-0.807244 0.750000 1002
0.677355 0.250000 108
-0.771757 0.250000 969
-0.763017 0.150000 720
0.875204 0.500000 945
0.824209 26.500000 1220
0.857725 0.071429 580
0.728675 0.500000 16
0.955777 0.833333 1167
0.759883 0.612500 324
0.658066 0.148352 1050
0.630266 0.500000 396
0.802906 0.250000 232
-0.782984 0.416667 1021
-0.731889 0.585714 991
-0.631882 0.250000 504
0.812091 0.080128 392
-0.700502 0.750000 1002
-0.680693 0.033333 365
0.786581 0.350000 726
1.023674 0.500000 16
0.847142 0.083333 360
0.750579 0.250000 225
-0.690436 0.100000 1176
0.752628 0.069048 390
-0.731569 0.071429 997
0.784168 0.500000 16
0.943797 0.033333 785
0.787756 0.366667 374
-0.807802 0.250000 749
0.780692 0.250000 988
0.715089 0.166667 1019
0.798479 0.500000 16
0.855006 4.500000 1220
0.900125 0.148352 1050
0.810381 20.500000 1220
0.811959 0.500000 396
0.795199 0.250000 232
-0.769953 0.416667 1021
0.674268 0.129167 1048
0.658451 0.464286 180
0.745289 0.500000 16
-1.013354 0.250000 505
-0.811032 0.250000 969
0.695718 0.033333 774
0.795164 0.071429 605
0.772048 0.500000 396
0.731737 0.033333 387
-0.737323 0.250000 504
0.748852 0.500000 14
-0.818654 0.750000 1002
0.895521 0.500000 16
0.951757 4.500000 1220
0.866513 0.250000 158
0.698994 0.069048 390
0.686744 0.500000 945
-0.822319 0.100000 756
0.764011 0.500000 16
-0.985302 0.100000 716
-0.768304 0.250000 969
0.851062 0.100000 687
0.741373 0.258333 1050
0.811091 4.500000 1220
0.852159 0.500000 16
-0.776028 0.071429 1114
0.866454 0.069048 390
0.859108 0.071429 996
0.804910 0.500000 945
0.772448 0.250000 108
0.701004 0.366667 374
-0.883789 0.100000 761
0.664547 0.500000 16
-0.846421 0.033333 772
0.721345 26.500000 1220
-0.879870 0.750000 1002
-0.788401 0.150000 720
0.937921 0.500000 16
0.828286 0.500000 396
-0.757031 0.050000 1160
0.851061 0.148352 1050
0.817362 0.500000 16
-0.901175 0.100000 716
0.737066 0.033333 387
0.838124 8.500000 1220
-0.743907 0.250000 969
-0.776389 0.250000 231
0.784591 0.500000 16
0.851534 0.033333 390
-0.760449 0.071429 997
0.761083 0.100000 1030
0.893304 26.500000 1220
0.778774 0.050000 1164
0.890089 0.500000 425
0.673070 0.166667 1019
0.794142 0.500000 14
-0.644177 0.500000 78
0.872606 0.500000 16
-0.888688 0.250000 505
0.679639 0.250000 225
-0.852329 0.750000 1002
0.806191 0.266667 302
-0.693556 0.250000 533
0.794257 11.500000 1220
0.810317 0.500000 16
0.938079 0.033333 785
0.732250 0.033333 781
0.690402 0.083333 360
0.835674 0.366667 374
0.872683 0.500000 396
0.745928 0.250000 232
-0.787103 0.050000 1160
-0.753913 0.633333 762
0.730685 0.033333 387
0.740626 0.350000 726
0.803307 0.100000 323
0.842043 0.071429 996
0.938074 0.500000 945
-0.840724 0.100000 1176
0.783440 0.500000 16
-0.830728 0.500000 78
0.807593 0.069048 390
-0.903926 0.071429 997
-0.703235 0.500000 690
0.742981 6.500000 1220
0.875422 0.500000 16
0.772465 0.100000 1030
0.882970 0.033333 387
-0.751139 0.166667 281
0.788224 0.105556 359
-0.794805 0.071429 579
0.743314 0.129167 1048
-0.735548 0.033333 761
0.737948 0.500000 16
-0.944853 0.250000 504
0.794684 0.366667 374
1.027138 0.500000 396
-0.709253 0.750000 1002
0.895688 0.250000 232
-0.850875 0.100000 1176
1.027818 0.166667 675
0.742895 0.050000 1164
0.783151 0.500000 16
-0.838765 0.250000 641
0.793103 13.500000 1220
0.708051 0.166667 1019
0.838256 0.766667 762
0.745180 0.500000 396
-0.751371 0.033333 365
-0.858309 0.366667 756
0.943704 0.500000 16
-0.779492 0.250000 504
0.831642 0.069048 390
0.873800 0.258333 1050
-0.800835 0.033333 1169
0.792773 0.500000 945
0.789579 0.250000 108
0.822305 0.500000 16
0.808084 6.500000 1220
0.738940 0.450000 302
-0.773068 0.750000 1002
-0.696810 0.750000 980
-0.753048 0.166667 757
0.918424 0.500000 16
-0.787974 0.250000 505
0.766507 26.500000 1220
-0.869890 0.750000 1002
0.811954 0.500000 396
0.951699 0.033333 387
-0.774632 0.250000 231
0.843551 0.033333 1051
0.760782 0.464286 180
-0.702349 0.071429 997
-0.685590 0.250000 969
0.666996 0.350000 726
0.923025 0.500000 16
0.864770 6.500000 1220
0.861107 0.250000 988
0.826331 0.258333 1050
-0.907627 0.166667 281
0.866878 0.500000 16
0.960337 0.033333 390
0.710617 0.350000 726
0.915196 0.366667 374
0.743043 0.500000 396
0.692294 0.250000 232
-0.793605 0.250000 505
0.806271 26.500000 1220
-0.938486 0.750000 1002
-0.720267 0.033333 761
0.724991 0.500000 16
-0.885753 0.250000 231
0.773432 13.500000 1220
-0.677537 0.033333 788
0.798134 0.050000 749
0.682151 0.242857 338
0.785330 0.464286 180
0.754672 0.500000 945
-0.881946 0.100000 756
0.817942 0.258333 1050
0.745845 0.500000 16
-1.058890 0.300000 687
0.733847 0.105556 359
0.655251 0.250000 510
1.015456 0.500000 16
-0.824355 0.050000 1160
-0.683913 0.071429 997
-0.613071 0.071429 579
0.734299 0.129167 1048
0.724111 0.500000 396
0.890298 0.033333 387
-0.770177 0.500000 78
-0.749372 0.633333 762
0.811675 0.450000 302
-0.732961 0.250000 505
0.925113 0.500000 16
-0.934208 0.750000 1002
0.791566 0.069048 390
0.680107 0.050000 327
-0.719230 0.100000 1176
0.973155 0.500000 16
