thresh
1500
3.670468 0.500000 942
2.224513 0.500000 1136
-1.454616 0.166667 654
1.677177 0.500000 938
-1.358830 2.500000 1220
1.113691 0.900000 1046
1.008853 0.214286 1116
-0.934054 0.033333 374
0.854822 0.071429 198
0.996644 0.500000 945
-0.956703 0.050000 329
-1.045087 11.500000 1220
-0.839852 0.500000 439
1.094135 0.500000 938
-0.867227 0.166667 654
0.840093 0.500000 1208
0.860920 0.500000 412
0.827249 0.500000 944
-0.730656 0.033333 788
-0.696178 0.033333 374
0.783590 0.214286 184
0.680271 0.250000 1004
0.648049 0.033333 773
0.636270 0.928571 991
-0.726372 0.033333 759
0.624960 0.500000 1208
0.648136 0.357143 577
-0.729363 0.500000 936
0.696967 0.500000 412
0.798561 0.250000 114
0.630138 0.500000 649
-0.662373 0.050000 735
-0.564140 0.033333 363
0.630113 0.500000 938
0.641308 0.166667 663
-0.629888 0.166667 651
0.554419 0.100000 710
-0.783695 0.166667 360
0.666552 0.500000 649
-0.541009 0.650000 330
-0.579092 0.033333 374
0.731639 0.500000 412
0.747759 0.500000 944
-0.628879 0.500000 1134
0.653541 0.500000 186
0.630213 0.300000 713
0.743848 0.500000 1208
0.592140 0.100000 1033
-0.613210 0.033333 783
0.620826 0.500000 412
-0.760603 0.500000 1207
-0.514273 0.033333 771
0.645422 0.150000 1164
0.555489 0.108333 1171
-0.550256 0.033333 370
-0.719956 0.500000 1145
0.687564 0.500000 938
0.668641 0.108333 756
-0.699290 0.100000 690
0.685536 0.350000 330
0.616286 0.500000 405
-0.565549 0.500000 936
0.652088 0.150000 356
0.633703 0.500000 1208
0.606949 0.050000 342
-0.627225 0.214286 605
0.575848 0.100000 710
-0.703847 0.500000 936
-0.606314 0.071429 185
0.546677 0.750000 520
0.704163 0.500000 938
-0.646544 10.500000 1220
-0.693026 0.100000 690
0.648664 0.500000 944
-0.655923 0.500000 439
0.531535 0.928571 991
0.607316 0.166667 674
-0.698055 0.500000 654
0.497415 0.214286 579
0.605311 0.033333 392
0.587016 0.500000 649
-0.568854 0.033333 374
0.704518 0.166667 1171
0.643018 0.150000 1164
-0.576244 0.250000 541
0.561511 0.500000 945
-0.618641 0.750000 114
0.615696 0.750000 520
0.803890 0.766667 1046
-0.632620 0.500000 1134
0.582995 0.500000 942
0.591541 0.150000 356
0.691020 0.500000 1208
-0.587977 0.033333 759
0.635808 0.250000 114
-0.620077 0.033333 363
0.594984 0.500000 938
0.572555 0.500000 469
-0.532648 0.050000 735
0.508688 0.100000 1033
-0.475542 0.100000 360
0.633714 0.500000 412
-0.647317 0.033333 370
0.588955 0.050000 746
0.651756 0.150000 721
-0.558009 0.071429 576
-0.524476 0.250000 176
0.554838 0.750000 520
0.651408 0.500000 942
-0.573006 0.500000 655
-0.586068 0.166667 785
-0.515227 0.500000 474
0.639612 0.500000 938
0.704499 0.100000 375
0.607149 0.108333 1175
-0.517618 0.050000 726
0.724896 0.928571 991
-0.528190 0.033333 1170
0.568170 0.100000 363
0.482595 0.500000 942
-0.617727 0.033333 759
0.587627 0.500000 1208
0.539703 0.966667 369
-0.603353 0.033333 370
0.588485 0.214286 1116
0.539573 0.766667 1046
-0.569648 0.500000 1145
0.627074 0.500000 942
-0.565018 0.100000 690
0.688023 0.500000 938
-0.667649 0.650000 330
0.578438 0.100000 392
-0.565895 0.166667 360
0.599821 0.214286 184
0.522139 0.500000 942
-0.638110 0.033333 788
0.534204 0.500000 1208
0.591855 0.500000 412
0.630716 0.366667 366
0.600868 0.500000 649
0.483260 0.071429 599
-0.753228 0.033333 370
0.617834 0.100000 710
-0.556518 0.500000 4
0.552571 0.500000 410
-0.538792 0.500000 1207
-0.545585 0.500000 1134
0.631384 0.500000 938
-0.558136 0.033333 363
0.518332 0.108333 756
-0.562931 0.250000 541
0.487878 0.033333 791
0.593299 0.766667 1046
0.544336 0.500000 412
0.615026 0.500000 1208
-0.523897 0.500000 936
0.687369 0.166667 1170
-0.569533 0.033333 783
0.527938 0.150000 1164
-0.512229 0.033333 771
0.607887 0.100000 1033
0.513869 0.500000 186
-0.678989 0.166667 654
0.523251 0.071429 198
0.588212 0.500000 938
0.573425 0.750000 520
0.693463 0.500000 944
-0.606101 0.650000 330
-0.528032 0.214286 605
0.644353 0.366667 756
-0.614857 0.166667 360
-0.627218 0.500000 1134
0.640645 0.500000 942
0.584684 0.100000 1149
-0.559579 0.550000 726
0.509930 0.928571 991
0.612059 0.100000 710
-0.663206 0.033333 370
0.630309 0.500000 410
-0.477311 0.071429 1001
0.547790 0.500000 412
0.623107 0.150000 721
-0.602944 0.250000 541
-0.468222 0.033333 788
0.558726 0.500000 942
0.621457 0.214286 184
0.565783 0.033333 392
0.562107 0.500000 649
-0.516326 0.033333 374
0.650047 0.100000 710
-0.519119 0.116667 1172
-0.525861 6.500000 1220
0.576674 0.214286 1116
0.639091 0.500000 938
-0.608665 0.500000 474
0.503014 0.928571 991
-0.685869 0.050000 726
0.681948 0.500000 942
-0.595019 0.500000 439
0.611896 0.500000 1208
0.482866 0.750000 520
0.639973 0.250000 114
0.545234 0.100000 1033
-0.540414 0.033333 363
0.621977 0.500000 938
-0.550392 0.100000 690
0.630671 0.108333 1175
-0.588158 0.071429 185
0.508220 0.214286 579
-0.595167 10.500000 1220
0.494062 0.214286 1116
-0.624889 0.033333 370
0.530366 0.750000 520
0.690217 0.500000 938
-0.545920 3.500000 1220
0.481409 0.500000 944
-0.637417 0.033333 785
0.573666 0.928571 991
0.615370 0.166667 674
-0.636410 0.033333 370
0.559910 0.500000 405
-0.521517 0.214286 605
0.462308 0.500000 649
-0.571696 0.100000 1177
0.486770 0.500000 942
-0.644091 0.750000 1090
0.583887 0.500000 938
-0.575286 0.166667 651
0.635026 0.500000 412
0.661837 0.500000 944
-0.593331 0.033333 760
0.627597 0.500000 1208
0.601445 0.071429 198
0.539184 0.500000 938
0.561147 0.500000 649
-0.589347 0.750000 114
0.562825 0.214286 198
0.765598 0.166667 258
0.539140 0.150000 356
-0.641369 0.500000 936
0.607985 0.108333 1171
-0.550478 10.500000 1220
0.554474 0.500000 101
-0.591177 0.071429 1117
-0.453550 0.500000 1079
0.659805 0.500000 944
-0.529662 0.500000 439
0.565986 0.883333 763
-0.439148 0.500000 655
0.542613 0.366667 366
0.619886 0.100000 710
-0.673698 0.500000 654
0.476021 0.033333 791
-0.597539 0.166667 360
0.526703 0.500000 410
-0.492770 0.033333 370
0.535327 0.166667 1175
-0.412974 0.214286 605
0.556130 0.100000 710
-0.583036 0.250000 1111
0.477668 0.108333 756
-0.625101 0.633333 1156
0.668321 0.500000 942
0.515094 0.500000 366
0.704705 0.750000 520
0.659142 0.500000 1208
-0.450040 0.033333 783
0.525582 0.966667 369
0.643428 0.500000 938
0.521350 0.050000 342
0.561805 0.150000 721
-0.577205 0.650000 330
-0.540493 0.071429 576
0.552282 0.500000 942
-0.583239 0.033333 785
0.535500 0.928571 991
0.554495 0.166667 363
-0.528348 0.166667 651
0.459788 0.500000 649
-0.509762 0.033333 374
0.630321 0.050000 746
-0.582273 0.500000 936
0.598460 0.150000 356
-0.620491 0.550000 726
0.532105 0.500000 186
-0.487630 0.050000 726
0.669528 0.500000 944
-0.587276 0.033333 771
0.531375 0.500000 410
-0.548494 0.033333 370
0.551827 0.100000 1149
-0.604275 10.500000 1220
0.547161 0.214286 198
0.746559 0.500000 938
0.549539 0.108333 756
0.594804 0.750000 520
-0.641093 0.500000 936
-0.537636 0.050000 329
0.542940 0.500000 1208
0.567993 0.350000 1164
0.698950 0.366667 366
0.604389 0.750000 520
0.617012 0.108333 1175
-0.475814 0.250000 541
-0.540964 0.100000 690
0.604559 0.500000 938
0.537253 0.500000 945
-0.521100 0.033333 363
-0.552430 0.116667 1172
0.496423 0.100000 710
0.571626 0.150000 721
-0.549019 0.033333 374
-0.624048 0.500000 1079
0.633096 0.500000 944
-0.544797 0.100000 690
0.603090 0.166667 258
0.609134 0.108333 1171
-0.608801 0.071429 1115
0.522948 0.500000 649
-0.531057 0.166667 360
0.688474 0.500000 412
0.595123 0.500000 942
-0.531420 0.750000 1090
-0.624390 0.033333 370
0.597707 0.214286 1116
0.577491 0.928571 991
-0.548484 0.650000 330
0.507875 0.500000 938
0.730637 0.500000 410
-0.555860 0.214286 605
0.557720 0.214286 579
-0.620287 8.500000 1220
0.492064 0.500000 938
0.651375 0.214286 198
0.627658 0.500000 944
-0.579422 0.500000 655
0.639753 0.500000 1208
0.592857 0.050000 342
-0.495516 0.500000 654
0.477495 0.166667 674
0.638265 0.928571 991
0.472592 0.500000 945
-0.528486 0.033333 759
0.535890 0.050000 1041
-0.664283 0.033333 771
-0.553496 0.166667 654
0.552406 0.500000 938
-0.517176 0.633333 1156
0.620287 0.108333 756
-0.542487 0.233333 361
0.641577 0.033333 791
-0.577072 0.250000 176
0.504035 0.100000 392
-0.547088 0.075000 759
-0.453817 0.033333 1171
0.534027 0.766667 1046
0.674910 0.166667 674
-0.538025 0.033333 370
0.612365 0.500000 649
0.487125 0.500000 412
0.717743 0.500000 938
-0.524606 0.050000 329
-0.581287 0.500000 936
0.580379 0.214286 1116
-0.603843 10.500000 1220
0.460678 0.214286 184
0.503918 0.500000 944
-0.585368 0.500000 655
0.603489 0.883333 763
-0.461099 0.500000 655
-0.591955 0.166667 360
0.555050 0.166667 674
0.554938 0.108333 1175
-0.531222 0.750000 114
0.522667 0.150000 356
0.592661 0.366667 366
-0.625819 0.633333 1156
0.649227 0.500000 942
-0.486238 0.033333 760
0.539934 0.500000 1208
0.510535 0.966667 369
0.588158 0.500000 938
-0.617299 0.166667 651
0.606208 0.214286 198
0.619742 0.500000 944
-0.539949 0.750000 1090
0.582331 0.766667 1046
0.599693 0.500000 649
-0.623292 0.050000 735
0.591367 0.300000 699
-0.635794 0.033333 370
0.574060 0.750000 520
0.616403 0.500000 942
-0.514406 0.214286 605
-0.603295 0.100000 690
0.662203 0.500000 938
-0.542839 0.166667 654
0.531556 0.108333 1171
0.502413 0.500000 944
-0.562367 0.500000 1134
0.614620 0.766667 1046
0.577209 0.366667 757
0.580661 0.500000 1208
0.576232 0.050000 342
0.571503 0.100000 1033
-0.568283 0.166667 360
0.659890 0.500000 412
-0.644516 11.500000 1220
0.558509 0.214286 579
-0.586257 0.033333 370
0.582755 0.500000 649
0.527514 0.500000 938
-0.726837 0.500000 1145
-0.632947 0.116667 1172
0.487259 0.500000 945
-0.484568 0.100000 1177
0.465229 0.166667 1175
-0.532137 0.100000 687
0.538761 0.500000 942
0.651109 0.214286 198
0.705866 0.928571 991
-0.527303 0.166667 654
0.517333 0.500000 938
0.597207 0.214286 1116
0.616267 0.500000 1208
-0.611123 3.500000 1220
-0.542780 0.033333 374
0.671571 0.500000 412
0.707372 0.500000 942
-0.467847 0.033333 788
0.434588 0.033333 392
0.566901 0.500000 40
-0.548184 0.214286 605
-0.435692 0.650000 330
0.502282 0.500000 938
0.601688 0.500000 410
-0.600266 0.250000 176
0.528579 0.500000 425
-0.665711 0.033333 374
0.524508 0.500000 649
-0.542287 0.071429 577
0.418181 0.100000 757
0.551938 0.500000 448
0.677164 0.350000 330
0.586370 0.100000 710
-0.681640 0.033333 370
0.554646 0.500000 412
0.660591 0.050000 1041
-0.512047 0.033333 363
0.550201 0.500000 1208
-0.539933 0.033333 759
0.553700 0.500000 938
0.562870 0.500000 469
-0.551178 0.166667 785
-0.512613 0.033333 1171
0.508198 0.500000 938
0.569258 0.500000 448
0.660979 0.500000 944
-0.534701 0.033333 760
-0.543196 0.500000 4
0.578782 0.150000 356
-0.634633 10.500000 1220
0.571791 0.214286 579
0.597607 0.928571 991
-0.574028 0.033333 785
0.538859 0.050000 1166
-0.513966 0.033333 370
-0.663245 0.633333 1156
0.632255 0.500000 942
0.517472 0.075000 1171
0.504363 0.350000 330
-0.649247 0.100000 690
0.529829 0.500000 1208
0.532058 0.500000 412
0.738740 0.500000 938
-0.527156 0.550000 726
0.495756 0.071429 198
0.576059 0.500000 942
-0.575468 0.500000 1134
0.601174 0.500000 1208
-0.528864 0.500000 1207
0.709958 0.500000 412
0.674572 0.928571 991
0.528797 0.100000 1033
-0.537026 0.100000 1177
0.520419 0.166667 363
-0.570754 11.500000 1220
0.463760 0.214286 1116
0.593293 0.500000 944
-0.555385 0.500000 1134
-0.604017 0.033333 374
0.609522 0.500000 649
0.509656 0.033333 392
0.579215 0.050000 746
-0.621901 0.750000 222
0.461003 0.500000 412
0.622939 0.766667 1046
0.561195 0.500000 410
0.553524 0.500000 938
-0.552716 0.100000 690
-0.565515 0.033333 370
0.567622 0.300000 713
-0.622823 0.214286 605
0.504758 0.500000 942
0.631767 0.214286 198
0.638828 0.500000 1208
-0.476690 0.166667 651
0.586088 0.750000 546
0.547504 0.166667 258
-0.686593 1.500000 1220
0.462153 0.500000 938
-0.514671 0.100000 690
0.622326 0.500000 944
0.550888 0.500000 412
-0.625075 0.033333 370
0.577048 0.214286 579
0.546843 0.075000 1175
-0.519487 0.500000 1145
0.672336 0.366667 366
0.581289 0.250000 1160
0.570960 0.500000 1208
0.455262 0.500000 448
-0.677554 0.500000 936
0.514903 0.150000 356
-0.608288 0.166667 360
0.595979 0.500000 648
-0.565970 0.166667 651
-0.560021 0.633333 1156
0.601081 0.500000 938
-0.592226 0.071429 185
0.536032 0.500000 410
0.584684 0.928571 991
0.486788 0.071429 181
-0.508430 8.500000 1220
-0.534722 0.033333 771
0.491383 0.500000 945
-0.515708 0.100000 1048
0.585901 0.033333 791
0.510197 0.100000 757
-0.541057 0.033333 759
0.634413 0.500000 942
-0.566797 0.500000 655
0.654271 0.500000 366
-0.647286 0.166667 654
0.506279 0.500000 938
0.521109 0.500000 469
-0.575977 0.250000 541
-0.459280 0.214286 605
0.635552 0.100000 710
-0.664821 0.250000 176
0.520939 0.100000 375
-0.550372 0.033333 370
0.583829 0.100000 1033
0.535174 0.214286 198
0.691550 0.766667 1046
0.593241 0.214286 1116
-0.608174 0.750000 114
0.578070 0.500000 942
-0.611371 0.500000 1134
0.648358 0.900000 1046
0.493318 0.357143 579
0.560340 0.500000 1208
-0.467830 0.033333 759
-0.605427 0.500000 936
0.517305 0.500000 649
0.570628 0.500000 938
0.701638 0.214286 184
-0.547078 0.033333 370
0.565143 0.500000 412
-0.560285 0.166667 360
0.561630 0.500000 410
-0.572645 0.785714 186
0.585017 0.500000 938
0.663826 0.214286 579
0.508710 0.075000 756
-0.508667 0.033333 759
-0.573265 0.033333 370
0.524636 0.500000 448
0.678958 0.500000 942
-0.561322 0.166667 654
-0.589813 0.214286 605
-0.564910 0.033333 771
0.575608 0.100000 317
0.424050 0.100000 1033
0.481936 0.900000 1046
-0.572802 0.500000 1134
0.563266 0.500000 944
0.593300 0.050000 746
-0.589156 0.500000 4
-0.577628 0.166667 654
0.554186 0.075000 1171
0.550532 0.928571 991
0.502573 0.150000 356
-0.603595 0.250000 176
0.478713 0.642857 582
-0.514835 0.500000 474
0.569594 0.500000 938
0.663493 0.500000 412
0.610383 0.500000 944
-0.618332 0.500000 439
-0.610330 0.100000 716
-0.472132 0.033333 783
0.600929 0.500000 405
0.536423 0.500000 1208
0.484149 0.500000 938
0.684476 0.500000 448
0.647737 0.500000 942
-0.658332 0.071429 185
-0.515357 8.500000 1220
0.538216 0.150000 356
0.585663 0.033333 392
0.538756 0.500000 649
-0.504603 0.750000 114
0.558262 0.050000 342
0.602021 0.500000 938
-0.558276 2.500000 1220
-0.504369 0.166667 651
0.562571 0.100000 710
0.619875 0.766667 1046
-0.579159 0.500000 655
0.511204 0.883333 763
0.458014 0.500000 649
-0.554006 0.033333 771
0.490016 0.500000 944
-0.671050 0.750000 1090
-0.558614 0.100000 360
0.523344 0.214286 1116
-0.572526 10.500000 1220
0.495349 0.500000 945
-0.570447 0.150000 1166
0.479208 0.166667 1175
0.427778 0.250000 1004
-0.634420 0.100000 690
0.575589 0.766667 1046
0.582046 0.100000 710
-0.559918 0.033333 370
0.579028 0.500000 405
-0.531743 0.500000 936
0.519933 0.075000 1171
0.487182 0.150000 721
-0.583710 0.500000 655
0.583330 0.928571 991
0.594538 0.214286 184
0.607627 0.500000 938
-0.566309 0.166667 654
0.577065 0.500000 942
-0.584447 0.033333 759
0.582154 0.500000 1208
0.587367 0.500000 412
0.590366 0.366667 366
-0.569328 0.033333 363
0.557443 0.500000 944
-0.600889 0.500000 1134
0.542583 0.500000 938
-0.532878 0.650000 330
0.549654 0.100000 1033
-0.560601 0.033333 788
-0.573476 0.250000 541
0.602197 0.500000 469
0.659803 0.928571 991
0.599925 0.250000 140
-0.609512 0.033333 783
0.579353 0.500000 942
0.641927 0.500000 412
0.709145 0.500000 1208
-0.478388 0.033333 788
0.496484 0.500000 945
-0.510489 0.033333 374
0.560988 0.500000 412
0.601717 0.050000 1041
0.506952 0.071429 994
0.482874 0.500000 938
-0.599162 0.050000 329
-0.483998 0.033333 785
0.545590 0.500000 942
-0.492726 0.166667 651
0.570745 0.050000 746
0.551119 0.366667 366
-0.601551 0.100000 690
0.600129 0.500000 1208
0.536510 0.500000 938
0.750150 0.500000 412
0.660045 0.150000 721
-0.560406 0.250000 541
-0.478129 0.033333 363
0.575638 0.166667 258
0.585704 0.357143 591
-0.599319 0.500000 936
0.531990 0.250000 1105
-0.618785 0.214286 605
0.422205 0.033333 791
-0.656593 0.033333 370
0.660822 0.500000 649
0.492655 0.050000 342
0.554253 0.500000 938
-0.477614 0.500000 655
-0.573547 8.500000 1220
0.497802 0.150000 356
0.597676 0.500000 942
-0.577050 0.500000 474
-0.584523 0.050000 735
0.503613 0.100000 710
0.726067 0.928571 991
0.622356 0.500000 410
-0.587376 0.033333 374
0.611160 0.500000 649
-0.513094 0.500000 1134
-0.648422 0.500000 4
0.553517 0.300000 713
-0.618783 0.500000 1207
-0.471981 0.033333 783
0.572054 0.233333 363
0.609407 0.500000 942
-0.535390 0.033333 771
-0.508559 0.550000 726
0.469419 0.033333 392
0.619829 0.500000 40
-0.548718 10.500000 1220
0.497495 0.214286 579
0.513812 0.500000 938
-0.556449 0.750000 114
0.565200 0.500000 945
-0.567690 0.033333 759
0.563604 0.928571 991
0.662652 0.500000 410
-0.567505 0.214286 605
-0.510841 0.250000 541
0.551715 0.214286 1116
0.634374 0.500000 942
-0.568042 0.033333 363
0.538493 0.166667 258
0.597600 0.500000 412
0.781300 0.500000 1208
-0.508109 0.500000 1134
0.646393 0.500000 944
0.550250 0.214286 198
0.659916 0.366667 366
-0.555419 0.100000 690
0.669091 0.500000 938
0.534750 0.500000 469
-0.546402 0.033333 370
0.676583 0.500000 412
0.578809 0.150000 721
-0.568413 0.033333 374
0.654519 0.050000 746
-0.602926 0.250000 176
-0.470214 0.500000 655
0.536067 0.500000 938
-0.599818 3.500000 1220
-0.435479 0.075000 1172
0.556677 0.150000 356
-0.526168 0.785714 186
0.468045 0.642857 582
0.464924 0.166667 258
0.590624 0.500000 412
0.600434 0.075000 1175
-0.442223 0.633333 1156
-0.638331 0.166667 360
0.569004 0.366667 756
0.572838 0.500000 944
-0.577093 0.166667 654
0.556178 0.500000 938
0.551008 0.500000 412
0.682959 0.500000 1208
0.568571 0.100000 1033
-0.570456 0.033333 374
0.756696 0.214286 198
-0.641683 0.500000 936
-0.520632 0.033333 783
0.552636 0.750000 1099
-0.567215 0.214286 605
0.487848 0.214286 579
0.588267 0.766667 1046
-0.546884 0.033333 760
0.544036 0.075000 1175
0.530174 0.100000 375
-0.544431 0.033333 370
0.540233 0.214286 198
0.673891 0.250000 1004
0.499876 0.500000 649
0.456385 0.071429 198
0.548815 0.500000 1208
-0.471486 0.500000 936
0.672349 0.500000 448
-0.671272 0.500000 4
0.565814 0.033333 791
0.537635 0.766667 1046
0.544932 0.100000 1149
-0.548925 0.033333 1171
-0.567194 0.166667 651
0.484510 0.166667 1175
0.572074 0.500000 938
-0.585557 0.633333 1156
0.690340 0.500000 944
-0.573512 0.100000 690
0.579395 0.500000 1208
0.501339 0.500000 412
0.761909 0.366667 366
0.555929 0.100000 710
-0.586365 0.500000 936
0.584852 0.150000 356
-0.614552 0.214286 605
-0.421688 0.500000 474
0.486166 0.500000 938
0.592555 0.500000 448
0.676608 0.500000 944
-0.523508 0.100000 690
-0.611870 0.033333 374
0.602417 0.500000 649
-0.553300 0.033333 771
-0.477059 10.500000 1220
0.596777 0.300000 713
0.567618 0.766667 1046
0.575628 0.214286 1116
-0.561637 0.033333 370
0.604150 0.500000 410
-0.581886 0.071429 1001
0.524821 0.166667 674
-0.531018 0.950000 1035
-0.589981 0.050000 329
0.599622 0.050000 1166
-0.503119 0.500000 1079
0.709849 0.500000 938
-0.488280 0.033333 759
0.570914 0.500000 1208
0.549647 0.500000 412
0.719901 0.500000 942
-0.519549 0.650000 330
0.629108 0.500000 186
0.665002 0.214286 198
0.597251 0.075000 1175
-0.464395 0.500000 655
0.540048 0.883333 763
-0.439257 0.033333 788
0.485141 0.366667 366
0.556404 0.071429 599
-0.560454 0.033333 370
0.639753 0.500000 649
-0.463900 0.500000 655
0.541487 0.500000 938
0.542247 0.214286 184
-0.587187 0.500000 936
-0.519705 0.166667 651
0.637455 0.100000 710
-0.589998 0.071429 1117
0.600112 0.075000 756
-0.562287 0.500000 1079
-0.629920 0.166667 360
0.582210 0.075000 1171
0.552272 0.500000 942
-0.605666 0.050000 726
0.586706 0.500000 1208
0.457034 0.966667 369
0.603433 0.366667 366
0.548947 0.500000 410
-0.554999 0.033333 370
0.583601 0.500000 448
0.640275 0.250000 1004
0.514173 0.500000 649
-0.533953 0.500000 1207
0.570640 0.214286 198
-0.671612 0.033333 374
0.545946 0.150000 356
-0.588155 10.500000 1220
0.586831 0.100000 1033
-0.610418 0.033333 771
0.502440 0.500000 944
-0.647896 0.500000 1145
0.573577 0.500000 1208
0.462879 0.214286 579
-0.565501 0.033333 783
0.584183 0.500000 942
0.660697 0.500000 448
0.635132 0.766667 1046
0.589920 0.300000 698
-0.654498 0.214286 209
0.574294 0.500000 938
-0.620952 0.166667 654
-0.514417 0.071429 185
0.518136 0.500000 942
0.634443 0.250000 1105
-0.575951 8.500000 1220
-0.484930 0.500000 655
0.632662 0.500000 938
0.607471 0.071429 198
0.551797 0.500000 1208
0.529585 0.500000 412
0.657350 0.500000 944
-0.615256 0.633333 1145
0.662502 0.928571 991
0.516931 0.500000 412
-0.587733 0.100000 716
0.482591 0.500000 649
0.542058 0.500000 938
-0.557128 0.650000 330
0.544689 0.100000 392
-0.558094 0.250000 541
0.465924 0.100000 1033
-0.466182 0.033333 759
0.579649 0.500000 942
-0.554065 0.500000 474
-0.595427 0.033333 771
0.498276 0.033333 791
0.726202 0.766667 1046
0.594961 0.233333 363
-0.619199 0.033333 370
0.563079 0.500000 648
-0.471661 0.033333 759
0.497717 0.050000 1041
-0.553821 0.500000 1134
0.631941 0.928571 991
0.547450 0.050000 746
-0.625380 0.750000 222
0.438603 0.366667 756
-0.557618 0.033333 370
0.535060 0.071429 207
0.467474 0.033333 392
-0.464207 0.033333 363
-0.532348 0.214286 605
0.519663 0.500000 945
-0.471112 0.071429 576
0.497525 0.150000 1164
0.539610 0.214286 579
0.556609 0.250000 114
-0.674696 0.633333 1156
0.660751 0.500000 1208
0.468895 0.500000 942
-0.664999 0.033333 785
0.548253 0.500000 938
-0.504409 0.750000 114
0.605566 0.050000 342
0.569656 0.075000 756
-0.513711 0.071429 576
0.479018 0.214286 1116
0.628936 0.766667 1046
-0.586773 0.500000 1134
0.660730 0.500000 942
-0.549343 0.100000 690
-0.513926 11.500000 1220
0.623704 0.150000 356
0.608876 0.766667 1046
0.602081 0.100000 710
-0.559359 0.033333 370
0.523332 0.500000 405
0.498180 0.100000 757
-0.601386 0.100000 1177
0.519686 0.500000 945
0.542163 0.928571 991
-0.625792 0.050000 726
0.604463 0.033333 1173
-0.514002 0.033333 760
-0.517464 10.500000 1220
0.534579 0.033333 774
0.634339 0.500000 938
-0.586908 0.050000 329
-0.463069 0.500000 936
0.546703 0.214286 1116
-0.592553 0.166667 651
-0.424200 0.166667 654
0.495692 0.500000 944
0.643577 0.214286 198
0.644762 0.928571 991
-0.491250 0.750000 1090
0.594161 0.500000 1208
0.493776 0.500000 938
0.718584 0.500000 412
0.729904 0.500000 944
-0.597675 0.100000 690
-0.556324 0.214286 605
0.480508 0.100000 317
-0.480813 0.214286 209
0.527236 0.033333 791
0.609032 0.366667 366
0.523861 0.500000 412
0.617840 0.500000 1208
0.545092 0.500000 942
-0.689707 0.500000 1145
0.651256 0.500000 938
-0.535908 0.100000 690
0.577919 0.766667 1046
0.545968 0.500000 412
0.606526 0.500000 944
-0.529054 0.033333 363
0.542376 0.500000 1208
0.515439 0.500000 412
0.662133 0.500000 938
-0.518760 10.500000 1220
0.618801 0.166667 1170
-0.613459 0.033333 370
0.589649 0.500000 410
0.538993 0.366667 366
0.619846 0.214286 198
-0.557192 0.166667 360
0.640981 0.500000 649
-0.470586 0.050000 735
0.539884 0.100000 1033
-0.537466 0.033333 374
0.707313 0.033333 791
-0.592193 0.500000 936
-0.580166 0.166667 654
0.516936 0.166667 1175
-0.571267 0.033333 360
0.452016 0.050000 1166
-0.474283 0.100000 1177
0.435066 0.075000 756
0.547211 0.100000 710
-0.653013 0.033333 370
0.576308 0.214286 198
0.622306 0.075000 1175
-0.481801 0.500000 655
0.671171 0.500000 938
-0.566828 0.071429 185
-0.490080 8.500000 1220
0.595288 0.214286 198
0.651504 0.500000 942
-0.551651 0.033333 785
0.621136 0.500000 938
-0.516650 0.250000 507
0.650716 0.500000 649
0.641716 0.050000 342
0.601002 0.500000 1208
-0.570267 0.500000 1134
0.641498 0.766667 1046
0.665970 0.214286 579
-0.512507 0.214286 605
-0.541708 0.033333 760
0.683767 0.500000 942
0.517107 0.214286 198
-0.699970 0.033333 370
0.603060 0.150000 356
-0.567572 0.500000 4
0.573812 0.050000 746
0.528843 0.166667 258
0.565227 0.500000 649
-0.578427 0.033333 363
-0.527400 0.075000 1172
0.460702 0.166667 1175
-0.515532 0.250000 541
0.495290 0.100000 1033
-0.468379 0.750000 114
0.493579 0.250000 735
0.707210 0.500000 366
0.500020 0.500000 410
-0.568892 0.500000 936
0.545848 0.075000 1171
-0.570921 10.500000 1220
-0.515293 0.633333 1156
0.628307 0.500000 938
0.514705 0.500000 1208
0.711417 0.214286 198
-0.692740 0.500000 1207
0.463990 0.500000 1208
0.584287 0.500000 412
0.633240 0.500000 944
-0.558996 0.750000 1090
0.591017 0.928571 991
0.609194 0.500000 410
0.599899 0.500000 938
-0.564626 0.071429 185
-0.520071 0.166667 654
0.463057 0.500000 944
-0.627825 0.500000 655
0.515829 0.033333 392
0.648252 0.500000 649
-0.583361 0.166667 651
0.652153 0.100000 710
-0.655146 0.166667 360
0.549696 0.500000 412
0.706295 0.100000 757
-0.538481 0.033333 771
0.639526 0.500000 942
-0.631929 0.033333 759
-0.493488 0.650000 330
0.601670 0.500000 938
0.620921 0.050000 342
0.547766 0.500000 1208
-0.547892 0.633333 1145
0.569825 0.500000 942
0.554997 0.214286 198
0.606391 0.766667 1046
0.598626 0.100000 392
-0.548789 0.650000 330
0.521491 0.500000 938
-0.549022 0.100000 690
0.544555 0.250000 114
0.556503 0.500000 649
-0.500816 0.033333 788
-0.495469 0.033333 374
0.606233 0.050000 746
0.616809 0.500000 942
-0.525973 0.033333 760
0.573499 0.500000 1208
-0.529991 1.500000 1220
0.560535 0.350000 330
0.599670 0.500000 412
-0.612447 0.033333 370
0.637149 0.500000 405
0.548421 0.500000 938
0.510666 0.100000 1033
-0.499219 0.166667 654
-0.510011 0.500000 1207
0.584481 0.214286 1116
-0.686173 0.033333 370
0.598082 0.233333 363
0.607825 0.928571 991
-0.538876 2.500000 1220
0.494032 0.214286 579
-0.602766 0.033333 370
0.545994 0.166667 1175
-0.502404 0.214286 605
0.614599 0.166667 674
-0.609430 0.500000 936
0.522126 0.100000 1149
-0.582868 0.033333 1170
0.594952 0.166667 258
0.540548 0.166667 363
-0.506873 0.071429 1114
0.502898 0.075000 1171
-0.458699 10.500000 1220
-0.488418 0.050000 329
0.486949 0.500000 410
0.687459 0.500000 938
-0.521134 0.100000 690
0.670937 0.500000 944
0.610472 0.214286 198
-0.764685 0.033333 370
0.545960 0.214286 198
0.598959 0.500000 1208
0.448612 0.966667 369
0.623540 0.500000 944
-0.526825 0.500000 1145
0.638499 0.500000 938
-0.532984 0.166667 651
0.573228 0.500000 412
0.621337 0.928571 991
0.667239 0.500000 649
-0.489135 0.214286 605
0.582415 0.300000 698
-0.655865 0.075000 1172
-0.465516 0.633333 1156
0.619902 0.500000 942
-0.548578 0.050000 735
-0.499434 0.166667 654
0.496487 0.500000 938
0.575429 0.250000 1162
-0.553905 0.166667 360
0.511819 0.050000 325
-0.508016 10.500000 1220
0.606510 0.075000 1171
-0.477497 0.500000 936
0.598396 0.214286 198
-0.627751 0.033333 370
0.632658 0.100000 1033
0.500076 0.050000 342
-0.458862 0.214286 605
0.517575 0.300000 757
-0.525666 0.100000 1048
0.529416 0.166667 674
-0.556423 0.500000 4
0.588431 0.500000 649
-0.493164 0.071429 1115
0.517696 0.100000 387
-0.613194 0.033333 374
0.539465 0.033333 773
0.557708 0.500000 938
-0.541579 8.500000 1220
0.648293 0.214286 198
0.602427 0.350000 330
-0.517593 0.033333 363
0.545535 0.500000 944
0.628456 0.500000 40
-0.612761 0.033333 370
0.605468 0.033333 791
-0.548131 0.750000 222
-0.444426 0.633333 1156
0.587513 0.350000 330
0.545552 0.500000 469
0.492490 0.500000 938
0.573859 0.500000 412
0.706838 0.500000 1208
-0.537684 0.033333 759
-0.655163 0.250000 176
0.505515 0.150000 356
0.592539 0.500000 942
-0.600892 0.500000 655
0.546933 0.928571 991
-0.491218 0.166667 654
0.535637 0.500000 938
0.610909 0.500000 412
0.623365 0.883333 763
-0.545833 0.166667 785
0.502857 0.083333 1173
-0.541851 0.250000 541
0.579965 0.075000 756
-0.575904 0.500000 1134
-0.608548 0.100000 360
0.564161 0.050000 746
0.591588 0.500000 944
-0.597135 0.100000 690
-0.586303 0.033333 370
0.561856 0.214286 1116
0.541946 0.500000 938
-0.561720 3.500000 1220
-0.524964 0.166667 651
0.518327 0.500000 104
0.580881 0.166667 258
0.544663 0.500000 412
0.636939 0.500000 1208
0.495331 0.500000 942
0.705031 0.214286 198
-0.633951 0.500000 4
0.475769 0.214286 198
0.598064 0.250000 1004
0.541381 0.150000 328
0.492892 0.075000 1175
0.496359 0.214286 579
-0.563249 0.033333 374
0.639075 0.500000 649
-0.535504 0.500000 655
-0.612245 0.950000 1035
0.511749 0.075000 1171
-0.500640 0.166667 654
0.635531 0.928571 991
0.564888 0.150000 356
-0.578680 0.950000 1035
-0.544615 0.633333 1156
0.559085 0.500000 938
-0.485299 0.071429 185
0.536638 0.150000 1164
-0.552775 0.033333 785
-0.534517 0.033333 370
0.626199 0.500000 945
0.541027 0.214286 579
0.592818 0.928571 991
-0.563927 0.100000 690
0.525256 0.500000 1208
0.466649 0.500000 412
0.688451 0.500000 938
-0.465814 3.500000 1220
-0.564702 0.100000 1048
0.566284 0.500000 410
-0.589898 0.500000 1207
0.497933 0.500000 412
0.589854 0.500000 1208
0.505518 0.500000 938
0.635478 0.500000 412
0.655709 0.500000 944
-0.552363 0.500000 1134
-0.622951 0.166667 651
0.522375 0.500000 649
0.656655 0.500000 366
0.542395 0.214286 198
-0.582256 0.750000 114
0.572228 0.500000 942
0.642350 0.075000 1171
-0.497909 0.071429 1117
-0.505952 0.633333 1156
0.612993 0.100000 757
-0.535290 0.100000 1177
0.497603 0.500000 942
-0.607186 0.033333 760
0.548148 0.350000 330
0.605109 0.050000 746
-0.650687 10.500000 1220
0.516044 0.100000 392
0.482470 0.500000 938
0.571770 0.071429 198
-0.558339 0.650000 330
-0.610805 0.166667 360
0.690664 0.500000 945
-0.517905 0.633333 1156
0.668244 0.500000 1208
-0.444532 0.500000 1207
0.597472 0.214286 198
0.628973 0.500000 944
-0.515844 0.500000 1134
0.573786 0.500000 938
-0.522066 0.166667 654
0.588304 0.900000 1046
0.569425 0.214286 1116
0.577089 0.500000 942
-0.567700 0.750000 114
-0.602811 0.033333 785
0.574059 0.928571 991
0.547818 0.250000 112
0.451151 0.033333 392
0.536188 0.500000 649
-0.527080 0.033333 771
-0.515149 10.500000 1220
0.587305 0.500000 425
0.614151 0.766667 1046
0.555244 0.166667 674
-0.601606 0.033333 370
0.577959 0.500000 410
-0.592828 0.214286 605
0.549108 0.071429 599
0.608789 0.500000 938
-0.562669 0.250000 176
0.640962 0.500000 412
-0.632455 0.033333 370
0.623202 0.500000 945
-0.514232 0.033333 759
0.498978 0.500000 942
-0.584033 0.050000 329
-0.497751 0.166667 654
0.606997 0.500000 938
0.515332 0.500000 649
-0.542574 0.033333 771
-0.533395 0.166667 651
0.574366 0.100000 375
-0.614919 0.166667 360
0.550214 0.500000 410
0.518397 0.500000 944
-0.621151 0.500000 439
0.535008 0.928571 991
0.556071 0.050000 746
-0.641341 10.500000 1220
0.525438 0.214286 1116
-0.595149 0.033333 374
0.580752 0.075000 756
0.666656 0.214286 198
-0.683675 0.833333 1134
0.527351 0.214286 579
-0.526681 0.214286 605
0.445149 0.033333 392
0.607461 0.300000 713
0.519953 0.500000 1208
-0.464621 2.500000 1220
0.551199 0.166667 258
0.624256 0.500000 412
0.664281 0.250000 1004
-0.520265 0.100000 690
0.589022 0.500000 944
-0.581690 0.500000 1145
-0.653728 0.033333 374
0.631925 0.500000 649
-0.462945 0.050000 735
0.483606 0.166667 1144
-0.447406 0.033333 759
0.529575 0.500000 938
-0.582587 0.650000 330
0.480181 0.071429 198
0.627425 0.500000 1208
0.502823 0.642857 186
0.603785 0.500000 412
0.646591 0.500000 942
-0.535266 0.033333 788
-0.513627 0.166667 651
0.542371 0.214286 608
0.635532 0.766667 1046
-0.689171 0.500000 1134
0.550846 0.500000 1208
0.511091 0.966667 369
0.616434 0.500000 938
0.516229 0.500000 469
-0.604542 0.075000 1172
0.509619 0.500000 412
0.664414 0.075000 1175
-0.513778 0.100000 760
-0.445551 0.633333 1156
0.602815 0.766667 1046
0.562899 0.033333 791
0.525393 0.075000 756
-0.533790 0.100000 1177
0.512232 0.500000 938
-0.549198 0.100000 690
0.646716 0.500000 942
-0.607769 0.033333 783
0.626242 0.214286 198
0.587417 0.500000 944
-0.566800 0.500000 1134
0.572067 0.766667 1046
0.548086 0.214286 1116
0.558513 0.500000 1208
-0.556559 0.033333 363
0.574086 0.500000 938
-0.577084 3.500000 1220
-0.505232 0.166667 785
0.516735 0.100000 317
-0.575109 0.071429 1115
0.544058 0.500000 412
0.670329 0.500000 938
-0.481503 8.500000 1220
0.501878 0.166667 1171
-0.603411 0.033333 370
0.581452 0.214286 198
0.687977 0.500000 944
-0.537922 0.500000 1079
-0.611427 0.214286 605
0.437216 0.500000 469
0.568548 0.928571 991
0.608896 0.214286 579
0.503504 0.100000 1033
-0.645410 0.250000 1110
0.549373 0.300000 698
-0.598540 0.166667 360
0.547458 0.500000 412
0.620282 0.100000 757
-0.541372 0.250000 540
0.457338 0.100000 710
-0.593489 0.500000 936
-0.540125 0.075000 759
0.623545 0.166667 1175
0.474289 0.033333 392
0.550392 0.100000 710
-0.552415 0.250000 1103
-0.528513 0.633333 1156
0.584032 0.150000 721
-0.580121 0.100000 1177
0.489652 0.500000 942
0.530657 0.214286 198
-0.634497 0.033333 370
0.580850 0.500000 649
0.516196 0.500000 938
0.698480 0.214286 198
0.621922 0.500000 1208
-0.516805 0.500000 1207
0.584868 0.214286 198
-0.647511 0.500000 4
0.598388 0.300000 717
0.586637 0.075000 1175
-0.540011 0.033333 771
0.477935 0.100000 392
-0.533702 0.033333 370
0.593057 0.214286 198
0.676840 0.500000 942
0.491837 0.214286 184
0.622825 0.250000 114
-0.564818 0.100000 690
0.666731 0.500000 938
-0.615426 0.650000 330
0.492091 0.083333 1173
0.496610 0.500000 1208
-0.540158 0.033333 759
0.538635 0.500000 942
-0.548994 0.500000 1145
0.637840 0.928571 991
0.593776 0.100000 1033
-0.513727 0.166667 654
0.545877 0.500000 938
0.607906 0.500000 412
-0.691287 0.033333 370
0.583534 0.166667 674
0.591471 0.100000 757
-0.586755 0.166667 360
0.687694 0.214286 198
-0.574865 0.250000 176
0.510991 0.075000 1171
-0.494993 0.075000 1172
0.648028 0.500000 410
0.621457 0.350000 330
-0.557870 0.633333 1156
0.643326 0.500000 944
0.570819 0.150000 356
-0.547035 0.033333 370
0.572323 0.500000 649
-0.620111 0.033333 771
-0.510018 0.150000 749
-0.443002 0.250000 541
0.576685 0.300000 698
0.641106 0.500000 942
-0.557878 0.500000 1134
-0.599205 0.100000 716
0.525664 0.500000 938
-0.612699 0.033333 363
0.520991 0.500000 1208
0.584922 0.214286 184
0.550294 0.500000 944
-0.558871 0.500000 439
-0.590778 0.033333 783
0.484064 0.500000 938
0.615522 0.071429 198
0.619833 0.500000 649
-0.563754 0.033333 374
0.561645 0.250000 144
-0.599204 0.250000 176
0.521415 0.100000 710
0.622120 0.750000 1035
0.563902 0.166667 1144
0.596464 0.500000 412
-0.613700 0.033333 370
-0.547496 0.166667 654
0.629856 0.500000 938
0.679863 0.033333 791
-0.612511 0.214286 605
0.538412 0.500000 405
-0.649409 0.166667 360
0.548867 0.500000 412
0.607031 0.500000 942
-0.561652 0.166667 654
0.556879 0.500000 1208
0.521813 0.214286 1116
0.650204 0.928571 991
-0.558812 0.750000 1090
0.633544 0.500000 944
0.591316 0.500000 412
-0.590904 11.500000 1220
0.543625 0.500000 938
0.663266 0.214286 198
-0.586030 0.033333 370
0.581084 0.100000 1033
0.587662 0.214286 579
-0.560445 10.500000 1220
-0.531393 0.500000 439
-0.551886 0.166667 360
0.610438 0.500000 469
0.525415 0.500000 938
-0.560269 0.033333 785
0.549657 0.883333 763
-0.505054 0.100000 760
0.445644 0.500000 944
0.656913 0.214286 198
-0.591302 0.500000 968
0.516963 0.214286 1116
0.519887 0.350000 330
-0.576289 0.650000 330
0.503065 0.166667 674
0.579581 0.500000 944
-0.542489 0.033333 788
0.482809 0.500000 649
-0.562522 0.033333 374
-0.580754 0.500000 655
0.489500 0.500000 938
-0.572148 0.166667 654
0.545313 0.500000 942
0.595172 0.214286 184
0.532242 0.928571 991
0.571050 0.166667 363
-0.552456 0.250000 176
0.518199 0.075000 1171
-0.483915 0.033333 370
0.681662 0.250000 627
-0.634528 0.500000 936
0.505879 0.150000 356
-0.607733 0.500000 654
-0.529195 0.250000 541
0.580884 0.100000 710
0.590958 0.075000 756
-0.486724 0.166667 651
0.529275 0.071429 198
0.510769 0.500000 938
-0.534656 3.500000 1220
-0.593553 0.100000 1177
0.537274 0.500000 1208
0.503305 0.214286 198
0.706232 0.500000 942
-0.532270 0.033333 759
0.572725 0.928571 991
0.612863 0.500000 648
-0.545300 0.050000 735
-0.544228 0.750000 1090
0.633158 0.500000 938
0.593993 0.100000 1033
-0.688035 0.750000 114
0.525285 0.071429 198
0.491985 0.075000 1175
0.507157 0.150000 356
-0.585574 0.075000 1172
-0.539381 0.633333 1156
0.657465 0.500000 942
-0.510239 0.166667 654
0.635663 0.075000 1171
-0.751172 0.166667 360
0.537261 0.500000 410
-0.544140 0.071429 1001
0.530465 0.500000 412
0.594845 0.500000 1208
-0.523268 0.500000 1207
0.604372 0.214286 198
0.628365 0.500000 938
-0.561579 0.550000 726
0.525563 0.500000 649
-0.519274 0.075000 1172
0.670317 0.214286 198
0.613878 0.500000 942
-0.548393 0.750000 1090
-0.652024 0.033333 370
0.667036 0.075000 1171
0.505083 0.100000 1033
0.478318 0.900000 1046
-0.577364 0.166667 654
0.515332 0.500000 942
-0.602738 0.050000 726
0.677700 0.500000 938
-0.462033 0.033333 1170
-0.470751 0.166667 785
0.558843 0.033333 791
-0.645304 0.033333 370
0.568565 0.500000 412
0.657157 0.500000 944
0.510430 0.214286 198
0.606229 0.166667 258
0.580629 0.166667 1175
0.551848 0.500000 1208
-0.639896 0.633333 1156
-0.558126 0.166667 360
0.554242 0.050000 746
0.614539 0.100000 757
-0.618208 0.250000 1110
0.644040 0.214286 198
0.661286 0.500000 942
-0.524669 0.050000 329
-0.522192 0.166667 651
0.532013 0.050000 746
0.632918 0.500000 938
-0.535871 10.500000 1220
0.615165 0.214286 198
0.591407 0.350000 330
0.594024 0.500000 469
-0.508984 0.033333 374
-0.646347 0.033333 760
0.546076 0.500000 944
0.637484 0.250000 1105
-0.494374 0.214286 209
0.494973 0.500000 938
-0.657412 0.033333 1171
-0.465520 0.166667 785
0.521054 0.071429 599
-0.559503 0.033333 370
0.548834 0.500000 649
0.474896 0.050000 342
0.619716 0.500000 938
-0.562997 0.033333 363
-0.513785 0.214286 605
0.508134 0.166667 674
0.673820 0.500000 942
-0.542533 0.500000 1134
0.680865 0.766667 1046
-0.629063 0.100000 690
0.656681 0.500000 1208
0.549878 0.500000 412
0.684262 0.500000 944
0.537097 0.150000 356
0.633689 0.366667 366
-0.615624 0.500000 1134
-0.520868 0.166667 651
0.527852 0.500000 938
0.606943 0.500000 412
0.656406 0.500000 1208
0.513348 0.100000 1033
0.500079 0.071429 198
-0.569810 0.166667 360
0.546334 0.050000 746
-0.630785 10.500000 1220
0.496830 0.166667 1170
-0.574923 0.750000 222
-0.469745 0.250000 541
0.508636 0.500000 649
-0.506637 0.033333 374
0.691339 0.214286 198
0.769365 0.500000 942
-0.502956 0.500000 474
0.544695 0.100000 1149
0.601942 0.928571 991
-0.544133 0.633333 1156
0.620599 0.500000 944
-0.540846 0.033333 760
0.617108 0.500000 938
-0.633695 0.166667 654
-0.468528 0.033333 374
0.677235 0.033333 791
0.620208 0.050000 1166
-0.516793 0.166667 360
0.645812 0.500000 412
-0.593671 10.500000 1220
0.460104 0.075000 1171
0.515396 0.500000 944
-0.564286 0.500000 439
0.630340 0.883333 763
0.483887 0.166667 258
0.692502 0.214286 198
-0.598166 0.033333 370
0.617415 0.500000 649
-0.491922 0.033333 771
0.506588 0.500000 938
0.633939 0.214286 184
-0.556564 8.500000 1220
-0.457332 0.500000 439
0.614566 0.500000 942
-0.572849 0.050000 329
0.510096 0.500000 938
-0.642638 0.100000 690
-0.515889 0.166667 651
0.470666 0.214286 1116
0.633522 0.500000 944
-0.573891 0.500000 1134
0.655170 0.928571 991
0.622986 0.050000 746
0.646694 0.500000 1208
0.516144 0.100000 1033
-0.501918 0.750000 1090
0.674253 0.350000 330
-0.672656 0.033333 363
0.589759 0.500000 938
-0.578700 0.033333 785
0.587459 0.500000 942
-0.485283 0.100000 690
0.503777 0.928571 991
0.552335 0.214286 579
0.598177 0.100000 757
-0.570708 0.071429 576
-0.498216 10.500000 1220
0.621113 0.300000 698
-0.579587 0.100000 1048
0.521332 0.100000 1033
-0.502805 0.071429 185
-0.436197 0.033333 771
0.589102 0.150000 1164
0.501034 0.214286 1116
0.584692 0.350000 330
-0.599329 0.500000 1145
-0.565731 0.033333 370
0.570978 0.500000 648
0.518890 0.500000 938
0.658409 0.500000 412
0.614506 0.050000 1041
-0.550797 0.650000 330
-0.520840 0.033333 759
0.664075 0.500000 1208
0.526447 0.500000 366
0.685631 0.214286 198
0.643471 0.500000 944
-0.539178 0.500000 1134
-0.621500 0.214286 605
0.515419 0.500000 410
-0.633572 0.166667 360
0.679635 0.214286 579
0.580522 0.075000 756
-0.543270 0.250000 541
-0.494516 0.075000 759
0.527394 0.050000 746
0.588809 0.500000 942
-0.532520 0.500000 439
-0.627020 0.033333 370
0.587378 0.500000 649
-0.498671 0.033333 771
0.534448 0.050000 1166
0.611785 0.050000 342
0.602156 0.500000 938
-0.624774 0.033333 363
-0.523725 0.166667 651
0.463601 0.050000 746
0.643461 0.766667 1046
-0.611800 0.500000 1134
0.617308 0.500000 944
0.573341 0.500000 412
0.750765 0.500000 1208
0.474596 0.214286 198
0.619203 0.500000 938
-0.569088 0.550000 726
0.472728 0.642857 582
-0.530919 10.500000 1220
-0.579191 0.033333 785
0.580779 0.500000 942
0.563540 0.214286 198
0.692356 0.928571 991
0.635720 0.100000 392
-0.547214 0.750000 114
0.479219 0.500000 649
-0.511006 0.500000 1207
0.581867 0.050000 746
0.567049 0.350000 330
-0.565599 0.750000 1090
0.556164 0.500000 942
-0.562445 0.033333 760
0.545676 0.500000 938
-0.509648 0.071429 185
0.499688 0.500000 410
-0.627124 0.033333 370
0.558050 0.966667 369
0.577118 0.500000 1208
-0.490973 0.033333 788
0.510481 0.500000 942
-0.645138 0.033333 785
0.590139 0.500000 938
0.509711 0.500000 412
-0.637815 0.033333 370
0.622337 0.500000 649
0.435966 0.214286 579
-0.612757 0.500000 4
0.609082 0.500000 412
0.704575 0.075000 1175
-0.540309 0.500000 655
0.535156 0.883333 763
0.495583 0.050000 342
0.642215 0.928571 991
0.562934 0.100000 1033
-0.561113 0.100000 1177
-0.549551 0.075000 759
0.529750 0.166667 1175
-0.503314 0.500000 936
0.682994 0.100000 710
-0.667871 0.033333 370
0.578376 0.500000 410
0.546439 0.500000 938
-0.563322 0.500000 1079
0.567489 0.500000 1208
0.484069 0.966667 369
0.641091 0.766667 1046
0.550608 0.500000 412
0.574622 0.500000 944
-0.518285 0.500000 1134
-0.589757 0.033333 370
0.637389 0.075000 1171
0.575857 0.150000 721
-0.533536 0.033333 771
-0.536830 2.500000 1220
0.499863 0.166667 258
-0.588453 0.100000 690
0.625771 0.500000 938
0.522055 0.033333 791
-0.594718 0.250000 176
0.490554 0.500000 410
-0.645169 0.033333 374
0.554932 0.500000 649
-0.455376 0.250000 541
0.543020 0.150000 356
-0.655750 0.500000 936
0.519976 0.366667 756
-0.638777 0.166667 651
-0.501139 0.214286 605
0.626732 0.300000 717
0.593910 0.500000 944
-0.589877 0.500000 439
0.602146 0.033333 392
0.528722 0.500000 649
-0.479123 0.166667 360
0.722264 0.500000 412
0.605682 0.500000 938
-0.695703 0.650000 330
0.464594 0.500000 944
0.614651 0.214286 198
0.651226 0.500000 1208
-0.520009 0.033333 759
0.581932 0.928571 991
0.517743 0.500000 410
-0.523292 0.250000 221
0.564637 0.500000 412
0.667939 0.500000 938
0.502412 0.075000 756
-0.556279 0.633333 1156
-0.649735 0.075000 1172
0.511183 0.100000 710
0.634188 0.500000 942
-0.562473 0.033333 788
-0.513579 0.500000 474
0.533655 0.928571 991
0.580134 0.357143 1116
-0.529535 0.033333 370
0.601324 0.100000 1033
-0.548771 0.050000 726
0.590794 0.366667 366
-0.586433 0.033333 363
0.571884 0.075000 1175
0.553689 0.214286 579
-0.535557 0.033333 370
-0.584764 0.633333 1156
0.592543 0.500000 938
-0.525098 0.033333 1170
-0.523305 0.150000 749
0.490652 0.100000 710
0.675812 0.500000 944
0.542625 0.500000 412
0.679081 0.500000 1208
0.476439 0.050000 342
0.550044 0.500000 938
-0.580286 0.166667 654
0.550080 0.500000 942
0.590497 0.500000 412
-0.724029 0.166667 360
0.577602 0.500000 649
-0.567752 0.033333 783
0.598561 0.150000 356
-0.607203 10.500000 1220
-0.647335 0.050000 735
0.564429 0.100000 1033
0.536195 0.214286 198
-0.700326 0.033333 374
0.572332 0.500000 469
0.569021 0.500000 942
-0.601995 0.500000 439
0.592386 0.500000 938
-0.532376 0.166667 654
-0.559664 0.214286 605
0.608713 0.214286 1116
-0.666054 0.250000 176
0.558533 0.300000 713
0.737816 0.928571 991
0.509652 0.300000 698
-0.591722 0.033333 370
0.542255 0.500000 412
0.693620 0.500000 944
-0.523363 0.750000 1090
0.517831 0.500000 938
-0.516064 0.166667 654
0.459347 0.075000 1171
-0.630788 0.500000 936
-0.513341 0.071429 185
0.529450 0.100000 1033
0.492932 0.100000 710
0.720643 0.766667 1046
0.576533 0.214286 198
0.761437 0.500000 1208
-0.487769 8.500000 1220
0.653918 0.214286 1116
0.573722 0.500000 938
-0.603052 0.033333 1171
-0.490561 0.500000 4
0.704073 0.214286 198
0.614893 0.766667 1046
0.551367 0.033333 791
0.656882 0.075000 756
-0.618049 0.250000 541
-0.516432 0.033333 363
-0.514693 8.500000 1220
0.529165 0.100000 392
0.500130 0.500000 938
0.510997 0.214286 198
0.605004 0.500000 944
-0.551058 0.100000 690
-0.618285 0.214286 605
0.523058 0.100000 317
-0.502986 0.750000 114
0.505145 0.100000 710
0.716880 0.350000 330
0.547760 0.033333 773
-0.531861 0.500000 936
0.556423 0.214286 1116
-0.558680 0.033333 370
0.564335 0.214286 198
0.618084 0.166667 258
0.554041 0.500000 649
-0.557140 0.033333 771
-0.520552 0.166667 651
-0.555419 0.500000 1134
0.682191 0.500000 944
0.635561 0.050000 746
-0.598495 0.166667 360
-0.558141 0.166667 654
0.559354 0.500000 938
-0.605058 1.500000 1220
0.615780 0.500000 1208
0.605703 0.500000 412
0.631702 0.075000 756
0.516154 0.033333 392
0.540879 0.033333 791
0.615689 0.766667 1046
0.556373 0.500000 412
-0.581674 0.250000 176
0.495796 0.100000 1033
-0.517910 0.100000 1177
0.507816 0.150000 356
-0.613676 0.500000 968
0.558837 0.500000 410
0.657077 0.500000 938
-0.540530 0.033333 759
0.555522 0.500000 1208
-0.521526 0.633333 1156
0.712554 0.500000 942
-0.516645 0.050000 329
0.476369 0.166667 1175
-0.559073 0.033333 783
-0.458143 0.033333 771
0.506831 0.500000 942
0.565471 0.214286 198
0.629947 0.766667 1046
0.570002 0.250000 1162
-0.594942 0.214286 209
0.436176 0.500000 649
-0.589442 0.033333 370
0.643878 0.166667 363
-0.579747 0.500000 1207
0.488542 0.050000 746
0.554598 0.366667 366
-0.634964 0.166667 654
0.551705 0.500000 938
-0.598773 0.033333 785
0.605981 0.500000 942
0.552704 0.150000 356
-0.705325 0.033333 370
0.664964 0.214286 198
0.641674 0.075000 1175
-0.445608 0.500000 655
-0.549600 0.500000 936
0.534894 0.214286 579
0.592531 0.500000 1208
0.529391 0.214286 198
-0.693787 0.500000 4
0.547857 0.500000 648
0.610417 0.071429 198
0.620427 0.500000 938
-0.540907 0.750000 114
0.523139 0.150000 356
-0.629290 0.214286 605
-0.469997 0.033333 759
0.590510 0.500000 942
-0.583480 0.100000 690
0.602201 0.928571 991
0.608704 0.100000 710
0.593246 0.500000 1208
0.517546 0.100000 317
-0.539057 6.500000 1220
-0.523719 0.071429 576
0.499671 0.075000 756
-0.549200 0.100000 1177
0.522973 0.500000 945
0.549894 0.500000 366
-0.701406 0.500000 1134
0.524152 0.766667 1046
-0.576817 0.033333 363
0.509531 0.100000 363
0.579451 0.500000 944
-0.568396 0.033333 760
-0.504697 10.500000 1220
0.538041 0.214286 579
0.583822 0.166667 258
0.519424 0.250000 1105
-0.609364 0.033333 370
0.599245 0.500000 410
0.577354 0.500000 938
-0.577978 0.633333 1156
-0.600551 0.785714 186
0.478674 0.500000 942
0.551326 0.214286 184
-0.649432 0.071429 1117
0.468189 0.166667 674
0.644403 0.150000 721
-0.570458 0.071429 576
0.494369 0.500000 366
0.481611 0.300000 698
-0.581503 0.500000 936
0.476189 0.075000 1171
-0.594177 0.550000 726
0.467144 0.642857 582
-0.495242 0.033333 370
0.632036 0.214286 198
0.636003 0.075000 756
0.521615 0.500000 938
-0.559771 0.033333 759
-0.550092 0.650000 330
0.642943 0.500000 942
0.531714 0.214286 198
-0.698006 0.166667 360
0.560721 0.166667 363
0.607200 0.500000 1208
0.475818 0.050000 342
-0.541140 0.214286 605
0.514334 0.500000 649
0.543376 0.033333 392
0.599496 0.214286 198
0.669439 0.500000 942
-0.523031 0.500000 655
-0.593738 0.166667 651
0.502032 0.500000 938
0.632210 0.050000 746
-0.676497 0.550000 726
-0.519834 0.250000 541
0.567899 0.500000 649
-0.525653 0.033333 374
0.615941 0.214286 198
0.723465 0.500000 942
-0.515354 0.750000 1090
0.560571 0.928571 991
0.692510 0.050000 325
-0.531707 0.033333 788
0.541780 0.883333 763
-0.454331 0.500000 655
0.574534 0.928571 991
0.552492 0.500000 410
0.557946 0.500000 938
-0.493667 0.033333 759
-0.585908 0.250000 176
0.463794 0.100000 1033
-0.626808 0.033333 771
-0.549461 0.500000 474
0.493427 0.500000 942
0.608904 0.250000 1105
-0.542901 0.033333 370
0.597628 0.166667 674
0.619499 0.366667 366
-0.610437 0.500000 1145
0.592458 0.500000 944
-0.561053 0.033333 363
-0.549001 0.214286 605
0.530920 0.500000 410
0.591977 0.500000 938
0.528446 0.500000 412
0.705065 0.500000 1208
-0.499162 1.500000 1220
0.652630 0.166667 258
0.578168 0.500000 412
-0.640535 0.033333 370
0.564479 0.500000 410
0.499583 0.642857 186
-0.531253 10.500000 1220
0.615874 0.750000 546
-0.523579 0.075000 1172
0.538142 0.033333 791
0.552217 0.928571 991
-0.578671 0.633333 1156
0.654005 0.150000 721
-0.547285 0.071429 577
0.516999 0.500000 944
-0.551977 0.033333 785
0.532125 0.500000 938
-0.558002 0.033333 363
-0.532384 0.033333 370
0.626718 0.100000 1033
-0.531753 0.500000 1145
0.564656 0.350000 330
0.610031 0.050000 746
-0.640376 10.500000 1220
-0.543204 0.050000 329
0.499094 0.500000 942
0.634568 0.366667 756
-0.593506 0.033333 370
0.576811 0.075000 1171
0.526534 0.500000 649
0.541556 0.350000 330
0.636029 0.214286 198
-0.603594 0.950000 1035
0.552579 0.166667 1175
0.552201 0.500000 1208
0.607264 0.214286 198
-0.664962 0.033333 374
0.523935 0.100000 1033
-0.493560 0.071429 576
-0.502500 0.166667 654
0.659228 0.500000 938
0.535686 0.500000 412
0.615225 0.500000 944
-0.542130 0.650000 330
-0.559145 0.033333 788
0.511692 0.928571 991
0.622141 0.300000 698
-0.522816 0.214286 605
0.453737 0.500000 942
0.613762 0.366667 756
-0.615786 0.033333 370
0.637150 0.214286 198
0.563292 0.500000 1208
-0.477846 0.033333 759
0.667787 0.500000 942
-0.573953 0.033333 760
0.649524 0.350000 330
-0.592854 0.500000 1134
0.566525 0.500000 938
0.677358 0.500000 649
-0.561676 0.166667 651
0.598221 0.050000 746
-0.615049 0.071429 1117
0.429693 0.075000 756
0.543896 0.214286 198
0.653744 0.500000 942
-0.591223 0.050000 735
-0.501162 0.214286 605
0.593416 0.500000 410
0.618991 0.033333 392
0.529479 0.966667 369
0.520092 0.500000 1208
-0.472989 0.033333 759
0.569181 0.500000 942
-0.500976 0.500000 1134
0.587936 0.766667 1046
-0.555753 0.100000 690
0.628124 0.500000 938
0.539873 0.500000 648
-0.550861 0.750000 114
0.584753 0.214286 579
-0.551059 0.500000 1207
0.562054 0.083333 1173
-0.504943 0.033333 370
0.710405 0.214286 198
0.616903 0.500000 1208
-0.441583 0.033333 759
0.615820 0.500000 942
0.523108 0.500000 412
0.662286 0.166667 258
-0.497432 0.214286 209
0.606489 0.150000 356
0.542247 0.500000 938
-0.545078 3.500000 1220
-0.545346 0.033333 783
-0.566489 0.033333 771
0.516734 0.500000 469
-0.530258 0.166667 360
0.555294 0.071429 599
0.583757 0.500000 944
-0.546432 0.633333 1156
-0.626666 0.033333 370
0.538000 0.100000 1033
0.516174 0.214286 198
-0.636182 0.250000 221
0.550905 0.075000 1171
0.495284 0.500000 938
-0.630812 0.166667 654
0.534473 0.928571 991
0.600365 0.500000 412
0.695853 0.500000 944
0.554958 0.166667 363
0.552208 0.500000 1208
0.513669 0.050000 342
-0.549517 0.750000 222
-0.482322 0.633333 1156
0.576583 0.500000 942
-0.489174 0.166667 785
0.592297 0.150000 356
-0.615329 0.033333 370
0.596977 0.214286 198
0.615923 0.500000 938
-0.604717 8.500000 1220
0.622645 0.750000 504
-0.631553 0.033333 374
0.578715 0.500000 649
-0.677213 0.100000 1177
0.464248 0.100000 1033
-0.505656 0.500000 1134
0.628930 0.766667 1046
0.629535 0.100000 710
0.568254 0.100000 757
-0.690818 0.250000 541
-0.501257 0.033333 363
0.496709 0.500000 944
0.576402 0.033333 791
-0.611772 0.214286 605
-0.479636 0.033333 759
0.531662 0.500000 938
-0.587338 0.033333 1170
0.478457 0.100000 317
-0.507955 0.166667 651
0.503338 0.500000 412
0.648284 0.928571 991
0.611691 0.500000 469
0.550894 0.500000 938
-0.634972 6.500000 1220
0.511678 0.050000 746
-0.601890 0.033333 370
-0.572979 0.033333 785
0.594352 0.500000 942
-0.529257 0.500000 439
-0.534598 0.250000 176
0.613121 0.214286 579
0.564696 0.928571 991
0.570217 0.100000 1149
-0.601913 0.500000 654
0.490580 0.050000 746
0.575663 0.366667 366
-0.591864 0.166667 654
0.465136 0.500000 942
0.620869 0.500000 412
0.659271 0.500000 1208
0.585323 0.500000 938
0.729488 0.500000 412
-0.599628 0.033333 370
0.550954 0.083333 1173
0.419165 0.500000 649
0.510235 0.033333 392
-0.544127 0.050000 726
-0.639455 0.500000 4
0.526824 0.100000 710
0.612657 0.500000 944
-0.625980 0.100000 690
0.546606 0.928571 991
-0.512417 0.633333 1156
0.596381 0.075000 1175
0.459402 0.100000 1033
-0.600304 0.033333 771
-0.488343 0.250000 507
0.531004 0.214286 1116
0.580421 0.500000 938
-0.534472 0.100000 690
0.642117 0.500000 942
0.591455 0.214286 184
-0.667520 0.033333 370
-0.523993 0.633333 1156
0.571250 0.766667 1046
0.578555 0.500000 649
0.533232 0.214286 579
-0.614938 10.500000 1220
0.533266 0.150000 356
-0.677258 0.166667 360
-0.614972 0.650000 330
0.578719 0.100000 1149
0.567428 0.500000 942
-0.582482 0.500000 439
0.577631 0.500000 938
0.550983 0.214286 184
0.625162 0.500000 1208
-0.546485 0.633333 1145
-0.594124 0.166667 360
0.533278 0.500000 410
-0.532632 0.500000 936
0.610413 0.075000 1171
-0.492832 0.071429 185
0.514160 0.075000 756
-0.587344 0.250000 541
0.488200 0.966667 369
0.559807 0.500000 944
-0.545645 0.500000 1134
0.554325 0.166667 258
0.528641 0.033333 791
-0.638459 0.033333 370
0.584447 0.500000 405
0.512874 0.150000 721
-0.527138 0.033333 759
0.583174 0.500000 938
-0.570347 0.650000 330
0.536138 0.071429 198
-0.539879 0.166667 360
0.601390 0.100000 1033
-0.506905 0.100000 1177
0.565378 0.500000 649
-0.469727 10.500000 1220
0.583534 0.166667 674
-0.636486 0.033333 370
0.612752 0.214286 198
0.670100 0.500000 938
-0.516874 6.500000 1220
-0.463467 0.050000 735
0.550984 0.500000 942
-0.622662 0.166667 654
0.580180 0.150000 356
0.749725 0.766667 1046
0.623596 0.214286 1116
-0.529192 0.500000 936
-0.510499 0.033333 783
0.655814 0.300000 698
0.562774 0.928571 991
0.529271 0.214286 184
0.535616 0.500000 1208
-0.491929 0.500000 936
0.659306 0.166667 1170
0.532140 0.500000 938
-0.598944 0.033333 363
-0.616246 0.100000 716
0.437609 0.033333 791
0.579398 0.500000 944
-0.630707 0.750000 1090
0.628768 0.766667 1046
0.635660 0.500000 412
0.652111 0.500000 1208
0.421768 0.500000 945
-0.467172 0.250000 541
-0.476050 0.150000 749
0.549010 0.500000 412
0.628136 0.050000 1041
-0.485199 0.033333 760
-0.579299 0.033333 374
0.670876 0.500000 648
0.549592 0.033333 392
0.579307 0.300000 713
-0.573403 10.500000 1220
0.505706 0.500000 938
0.642696 0.214286 198
-0.604480 0.033333 370
0.621722 0.500000 410
0.578240 0.928571 991
0.554432 0.166667 1170
-0.596818 0.500000 4
0.542772 0.166667 674
-0.626234 0.550000 726
-0.493118 0.075000 1172
0.527502 0.071429 198
0.523463 0.500000 648
0.594507 0.500000 938
-0.545694 0.650000 330
-0.474376 0.050000 735
0.594937 0.500000 942
-0.729853 0.050000 726
0.613211 0.500000 186
0.581589 0.075000 756
0.613532 0.166667 674
-0.584382 0.033333 370
-0.568689 0.500000 1134
0.623529 0.500000 944
-0.614722 0.033333 363
-0.526158 0.166667 785
0.515003 0.500000 410
0.626132 0.500000 938
-0.578493 0.050000 329
0.454397 0.150000 1164
-0.624471 0.500000 655
0.538114 0.500000 942
-0.498890 0.033333 771
-0.517038 0.033333 783
0.535120 0.500000 649
0.476427 0.214286 579
0.596450 0.766667 1046
-0.644910 0.750000 1090
0.541284 0.500000 1208
0.523820 0.214286 198
0.725163 0.500000 944
-0.534157 0.033333 759
0.538743 0.500000 938
-0.592586 0.166667 654
0.490176 0.100000 1033
0.595956 0.928571 991
0.728886 0.500000 412
-0.622309 0.033333 374
0.483743 0.050000 746
0.652861 0.100000 757
-0.510046 0.071429 1115
-0.477160 0.033333 788
0.600805 0.500000 942
0.642730 0.214286 198
0.621566 0.500000 1208
0.488224 0.500000 938
0.651767 0.214286 198
-0.675139 0.166667 651
0.484325 0.075000 1175
0.561767 0.214286 198
-0.710266 0.166667 360
0.552167 0.214286 1116
-0.654159 0.500000 936
0.519297 0.500000 469
-0.508159 0.250000 541
-0.533914 0.214286 605
0.669349 0.357143 576
0.538709 0.500000 938
-0.584393 0.100000 690
0.656229 0.500000 944
0.513314 0.214286 184
-0.587438 0.033333 370
0.604995 0.150000 356
-0.605293 0.785714 186
0.440543 0.500000 938
0.607156 0.214286 198
-0.657617 10.500000 1220
0.479512 0.100000 1033
-0.553050 0.033333 771
0.482991 0.642857 186
-0.490632 0.166667 654
-0.524118 0.033333 374
0.607429 0.214286 1116
0.697038 0.500000 942
-0.538637 0.500000 1145
0.632062 0.766667 1046
-0.581174 0.100000 690
0.568798 0.500000 1208
0.508937 0.500000 412
0.758523 0.500000 938
-0.509917 3.500000 1220
0.438813 0.050000 342
0.558776 0.928571 991
0.533266 0.100000 1149
-0.530364 0.750000 114
0.552809 0.500000 942
-0.609413 0.500000 1134
0.544952 0.500000 1208
0.535021 0.100000 1033
0.560092 0.214286 579
-0.630365 0.500000 1207
0.511387 0.500000 412
0.632228 0.166667 258
0.509934 0.166667 363
-0.602398 0.250000 979
0.569065 0.500000 410
-0.562603 0.033333 370
0.626280 0.075000 1171
-0.517666 0.071429 1117
0.612435 0.500000 649
-0.439433 0.250000 507
0.604338 0.214286 198
0.720328 0.500000 938
-0.549915 8.500000 1220
-0.629079 0.633333 1156
0.664558 0.500000 944
-0.570850 0.033333 363
0.473974 0.500000 1208
0.571544 0.214286 198
0.757947 0.366667 366
0.612161 0.150000 356
-0.564702 0.500000 936
0.541682 0.050000 746
-0.604828 0.550000 726
-0.519656 0.033333 374
0.536134 0.500000 40
0.547488 0.050000 1041
0.464067 0.500000 412
-0.600425 0.214286 605
0.453239 0.500000 938
0.555145 0.500000 410
-0.610229 0.033333 370
0.642692 0.214286 198
0.581512 0.500000 1208
0.432756 0.250000 114
0.667022 0.300000 713
-0.567296 0.250000 176
-0.467715 0.500000 655
0.597386 0.500000 938
0.549393 0.500000 649
0.539216 0.071429 198
-0.592716 0.033333 374
-0.589077 2.500000 1220
-0.471173 0.166667 651
0.590951 0.214286 579
0.563932 0.500000 944
-0.525572 0.033333 760
-0.558328 0.214286 605
0.553778 0.642857 582
