thresh
1500
2.371497 0.500000 945
2.469091 0.900000 301
1.166682 0.300000 688
1.279833 0.500000 942
1.146519 0.900000 297
-0.880402 0.069048 366
0.864375 0.833333 648
0.772861 0.500000 1
-0.674830 0.033333 766
-0.737184 0.033333 365
0.623935 0.500000 1114
0.802224 0.500000 944
0.615498 0.138095 375
-0.682193 0.250000 976
0.566247 0.250000 1133
-0.594463 0.050000 1038
0.624723 0.071429 198
0.611533 0.500000 8
-0.546035 0.033333 764
0.584104 0.700000 757
0.538976 0.500000 472
0.586862 0.500000 944
0.567753 0.033333 779
-0.611937 0.033333 390
0.540525 0.500000 399
-0.665926 0.225000 1033
0.540612 0.750000 509
0.688456 0.500000 946
-0.556111 0.100000 1176
-0.557874 0.357143 582
-0.522461 0.050000 1037
0.485673 0.500000 1144
-0.489207 0.233333 1174
0.526541 0.050000 744
0.530511 0.500000 80
0.473658 0.190909 761
0.500660 0.071429 606
-0.473090 0.183333 1001
-0.393322 0.071429 186
0.437001 0.500000 946
0.435590 0.033333 785
-0.462584 0.250000 979
-0.484974 0.500000 1112
-0.484566 0.033333 390
0.514148 0.500000 12
-0.502655 0.050000 732
0.615474 0.250000 630
0.541805 0.500000 0
-0.452706 0.500000 936
0.501090 0.160256 375
-0.496933 0.225000 292
-0.509159 0.071429 583
0.497432 0.500000 958
0.419931 0.050000 744
-0.480200 0.033333 769
0.468237 0.500000 11
-0.473153 0.408333 372
0.481046 0.392308 1054
0.417150 0.500000 648
-0.413792 0.148352 360
0.451238 0.620192 1046
0.428233 0.366667 1030
-0.473055 0.225000 1034
0.436781 0.100000 1029
0.451173 0.500000 946
0.404697 0.033333 779
-0.569565 0.050000 1038
0.427749 0.500000 399
-0.432059 0.071429 210
0.512427 0.500000 99
-0.491617 0.500000 1022
0.411601 0.071429 198
-0.462087 0.225000 292
0.462501 0.071429 1117
0.426424 0.500000 946
0.481654 0.500000 9
-0.502982 0.408333 370
0.434586 0.500000 1
0.478753 0.105556 342
0.490130 0.166667 652
-0.450490 0.500000 436
0.416303 0.500000 78
-0.399543 0.033333 390
0.489924 0.350000 1158
0.474492 0.500000 944
0.496271 0.500000 12
-0.508102 0.050000 731
0.513063 0.250000 147
-0.409645 0.500000 438
0.420710 0.750000 509
-0.466502 0.250000 219
0.416323 0.700000 756
-0.370240 2.500000 1220
-0.431008 0.250000 1097
0.422040 0.050000 740
-0.453853 0.166667 266
0.407542 0.138095 375
-0.406551 0.100000 694
0.512806 0.500000 9
-0.417142 0.408333 370
-0.367733 0.633333 1024
0.400626 0.500000 11
-0.446329 0.500000 408
0.442736 0.190909 761
0.399336 0.500000 1
0.454884 0.100000 320
-0.389716 0.267857 1001
0.435723 0.350000 1158
-0.434538 0.071429 210
0.447509 0.250000 750
-0.399287 0.500000 1078
0.390768 0.050000 734
0.398147 0.500000 946
0.435591 0.166667 1018
0.503082 0.500000 8
-0.426721 0.105556 334
-0.433186 0.050000 1037
0.400425 0.422619 1054
-0.437755 6.500000 1220
0.415985 0.166667 652
0.422078 0.050000 740
-0.441879 0.730303 361
-0.392767 0.350000 726
0.405602 0.500000 946
-0.439154 0.050000 1165
-0.461706 0.250000 979
0.498724 0.250000 546
0.396111 0.500000 11
-0.413551 0.500000 407
0.455339 0.392308 1055
0.451962 0.450000 1024
0.377064 0.033333 779
-0.427618 0.050000 1038
0.368868 0.500000 12
0.495998 0.500000 946
-0.454762 0.050000 1165
-0.484253 0.225000 292
0.393650 0.250000 615
-0.347734 0.250000 510
-0.334714 0.233333 1174
-0.364050 2.500000 1220
-0.358118 0.250000 1097
0.424309 0.174242 392
0.424742 0.500000 944
0.453558 0.095455 1051
0.433064 0.500000 1205
-0.425653 0.138095 1054
-0.426740 0.100000 716
0.384255 0.100000 315
-0.448487 0.138095 363
-0.357534 0.071429 583
0.493730 0.500000 8
-0.426717 0.033333 765
0.387589 0.500000 11
-0.362499 0.500000 408
0.424274 0.750000 509
-0.467582 0.500000 1022
0.390289 0.250000 750
-0.422157 0.071429 210
0.422529 0.500000 99
-0.433645 0.166667 1015
0.410833 0.500000 400
0.411072 0.500000 946
0.444577 0.071429 1117
-0.463932 0.166667 266
0.392381 0.225000 212
-0.419736 0.250000 990
0.380420 0.166667 651
-0.377358 0.500000 1112
0.381081 0.500000 648
0.421616 0.350000 1158
0.443566 0.233333 1175
0.411505 0.785714 1112
-0.356388 0.071429 186
0.381836 0.500000 946
0.410905 0.033333 779
-0.512366 0.050000 1038
-0.396102 0.730303 361
0.387045 0.500000 10
-0.480783 0.214286 190
0.393814 0.750000 217
0.363087 0.050000 740
-0.459715 0.250000 979
0.390215 0.250000 618
0.393734 0.050000 351
-0.344432 0.633333 1024
-0.355683 0.050000 1037
0.467124 0.071429 1117
-0.450671 0.071429 210
0.375118 0.500000 962
0.499223 0.500000 946
-0.416476 0.225000 1034
0.426019 0.250000 569
-0.427998 0.100000 716
0.455551 0.071429 606
0.338083 0.500000 8
0.464390 0.392308 1055
-0.400292 0.500000 39
0.441657 0.100000 785
-0.381687 0.433333 762
0.367095 0.250000 1133
-0.402082 0.100000 1177
0.486730 0.500000 946
0.397314 0.500000 472
0.423325 0.500000 1
-0.363930 0.033333 365
0.367681 0.071429 198
0.405137 0.500000 944
0.409097 0.095455 1051
-0.396756 0.225000 1033
0.320370 0.500000 946
0.427030 0.483333 1052
0.472468 0.500000 1205
0.355938 0.174242 392
-0.397363 0.050000 354
-0.376254 0.500000 1112
0.415512 0.700000 684
0.338596 0.033333 785
-0.341237 0.500000 936
0.403094 0.166667 1018
-0.468699 0.500000 438
0.386641 0.500000 12
-0.419317 0.500000 408
-0.406710 0.148352 360
-0.399531 0.300000 1175
0.392288 0.500000 10
-0.520722 0.033333 766
0.421347 0.500000 12
-0.378260 0.267857 1001
0.330455 0.392308 1055
-0.440005 0.250000 979
0.389709 0.211111 1045
0.326118 0.366667 1032
-0.358980 0.190909 1055
-0.387451 0.408333 370
0.400628 0.500000 8
0.402566 0.250000 558
0.471763 0.250000 969
0.414069 0.750000 509
0.507758 0.500000 946
0.367047 0.700000 756
-0.335131 0.069048 1049
0.428307 0.033333 779
-0.391116 7.500000 1220
0.366338 0.357143 1114
0.394806 0.166667 652
0.340353 0.050000 734
0.408777 0.500000 946
-0.402881 0.225000 1034
0.437371 0.138095 375
0.433574 0.500000 1
0.381905 0.250000 147
-0.429890 0.071429 210
0.402071 0.750000 509
-0.452122 0.500000 1078
0.402751 0.500000 1144
-0.395986 0.225000 292
-0.395598 0.100000 1177
0.377304 0.500000 946
0.388717 0.833333 261
0.424051 0.071429 198
-0.382394 0.050000 1038
0.410318 0.071429 1117
-0.404408 0.166667 257
-0.378423 0.148352 360
0.437462 0.500000 946
-0.365469 0.225000 1034
0.427395 0.392308 1055
-0.437558 0.050000 354
0.358793 0.928571 576
-0.393280 6.500000 1220
-0.345272 0.166667 655
-0.446180 0.214286 1119
0.328865 0.050000 740
-0.432285 0.033333 783
-0.359922 0.214286 1112
-0.436919 0.250000 979
0.355125 0.500000 400
-0.370689 0.845238 1035
0.368077 0.250000 176
-0.374487 0.100000 716
0.362630 0.250000 985
0.420467 0.500000 946
-0.335655 0.033333 392
0.349746 0.500000 9
0.371637 0.816667 991
0.337253 0.500000 1
-0.430164 0.408333 370
0.420300 0.422619 1054
-0.413782 0.050000 1037
0.388423 0.833333 648
-0.338704 0.138095 363
0.407937 0.071429 1117
-0.410986 0.166667 266
-0.410691 0.633333 1024
0.410808 0.750000 509
0.493379 0.500000 958
0.350794 0.050000 740
-0.381300 0.730303 361
0.376585 0.612500 325
0.377986 0.500000 399
-0.391752 0.225000 1033
0.325286 0.366667 1030
0.333055 0.250000 618
0.339281 0.500000 1204
-0.348982 0.033333 765
0.483306 0.500000 11
-0.407453 0.500000 408
-0.407065 0.138095 1053
0.371062 0.500000 8
0.389365 0.350000 1158
-0.423170 0.225000 292
0.389695 0.071429 606
0.395943 0.033333 785
0.384511 0.500000 946
0.440303 0.174242 392
-0.471346 0.050000 1038
-0.361619 0.214286 1112
-0.457762 0.500000 39
0.383883 0.500000 1142
-0.416406 0.250000 1097
0.424616 0.190909 761
-0.358233 0.357143 582
0.381491 0.050000 738
0.385188 0.500000 8
-0.434033 0.033333 765
0.414311 0.500000 11
0.367404 0.500000 944
-0.473796 0.071429 583
0.380670 0.100000 761
-0.332408 0.095455 390
-0.417572 0.214286 1112
-0.412777 0.166667 1015
0.370743 0.250000 176
0.392152 0.500000 946
-0.336638 0.050000 1165
-0.443898 0.166667 266
0.367607 0.500000 99
0.383722 0.500000 648
0.334262 0.033333 779
-0.383597 0.250000 979
-0.335754 0.408333 370
0.410828 0.500000 1204
0.402751 0.500000 399
-0.415198 0.267857 1001
0.395901 0.174242 365
0.412616 0.183333 1043
0.414659 0.500000 99
-0.365538 0.071429 210
0.350194 0.500000 1142
-0.359467 0.300000 1175
0.354860 0.500000 10
-0.444978 0.033333 766
0.418616 0.250000 527
0.425364 0.651515 757
0.343852 0.033333 785
0.399451 0.500000 944
0.418583 0.166667 1018
0.394781 0.500000 8
0.383546 0.500000 946
0.441078 0.350000 1158
0.402827 0.071429 1120
0.397690 0.138095 375
-0.362932 0.250000 510
0.443252 0.166667 652
-0.339387 0.730303 361
0.348548 0.500000 12
-0.449938 0.500000 408
0.366071 0.500000 12
-0.390058 0.408333 372
0.341117 0.050000 740
0.449149 0.500000 1
-0.439956 0.100000 1177
0.410935 0.154762 1041
-0.382159 0.138095 1054
-0.442993 0.500000 39
0.371663 0.500000 962
0.405710 0.233333 1175
-0.337547 0.904545 367
-0.384264 0.250000 517
0.376633 0.174242 392
-0.373481 0.100000 302
0.331050 0.105556 374
-0.308047 0.050000 1038
0.367268 0.071429 1117
0.449676 0.500000 946
0.438103 0.500000 10
-0.420952 0.408333 370
-0.351211 0.225000 1034
0.408159 0.392308 1055
0.394069 0.500000 1205
0.407544 0.357143 1114
-0.388471 0.050000 354
0.376449 0.500000 12
0.377935 0.500000 946
0.367671 0.300000 688
0.357934 0.071429 198
-0.448475 0.225000 1034
-0.365248 0.033333 392
0.339148 0.366667 1032
-0.312372 0.183333 1001
-0.411224 0.071429 186
0.415133 0.500000 946
0.380607 0.250000 147
0.381558 0.500000 8
0.349419 0.138095 375
-0.441545 0.225000 292
0.353006 0.100000 785
-0.433975 0.069048 1049
0.398928 0.250000 1133
-0.343972 0.214286 1121
-0.417604 0.214286 1112
0.470519 0.500000 946
-0.376208 0.033333 1048
0.408879 0.071429 1117
0.423491 0.500000 1
-0.350060 0.148352 1053
-0.374138 0.500000 1078
0.370174 0.050000 740
0.386686 0.500000 944
0.401369 0.174242 392
0.436103 0.166667 652
0.352871 0.154762 1041
-0.357812 0.730303 361
0.386641 0.422619 1054
-0.420009 0.050000 354
0.347783 0.033333 779
0.390949 0.500000 958
0.328443 0.500000 399
-0.382438 0.279221 366
-0.373237 0.225000 1034
0.435399 0.750000 509
0.508873 0.500000 946
-0.365377 0.050000 1163
-0.466732 0.050000 1038
0.370354 0.050000 734
0.385406 0.500000 10
-0.438928 0.033333 766
0.407587 0.766667 756
-0.431701 0.357143 1120
0.383246 0.033333 377
-0.441390 7.500000 1220
-0.343236 0.148352 360
-0.421173 0.500000 39
0.411209 0.050000 740
-0.362630 0.225000 1034
0.324612 0.500000 946
0.426338 0.129167 1051
-0.412045 0.071429 210
-0.413409 0.214286 1112
0.407451 0.500000 944
0.350032 0.500000 12
-0.417059 0.500000 408
0.406616 0.450000 1158
0.428197 0.630682 1046
0.352921 0.651515 757
0.394146 0.250000 985
-0.408162 0.033333 383
0.351899 0.033333 779
-0.365001 0.250000 979
0.341816 0.211111 1045
-0.317977 0.267857 1001
0.344615 0.392308 1055
-0.383285 0.500000 438
0.358244 0.500000 11
0.345517 0.166667 652
-0.345240 2.500000 1220
-0.461197 0.250000 1097
0.401459 0.071429 198
-0.391463 0.050000 1037
-0.360559 0.166667 655
-0.407866 0.500000 965
0.364634 0.033333 784
0.448022 0.154762 1041
-0.352821 0.148352 1053
-0.341591 0.633333 1024
-0.347219 0.500000 6
0.385782 0.500000 411
0.367205 0.500000 958
0.334306 0.050000 351
0.382044 0.500000 8
-0.433133 0.214286 190
0.356131 0.250000 546
0.367143 0.500000 10
-0.387234 0.033333 765
-0.349200 0.258333 366
0.389719 0.050000 738
0.330229 0.500000 8
-0.370881 0.148352 360
0.437065 0.500000 946
-0.365354 0.190909 1055
0.358129 0.500000 1204
0.393020 0.033333 377
-0.442021 0.500000 39
0.360803 0.129167 1051
0.403651 0.500000 944
0.382226 0.750000 509
0.410319 0.500000 1
-0.345653 0.730303 361
0.334528 0.500000 399
-0.362179 0.225000 292
0.395396 0.174242 365
-0.398328 0.069048 1049
-0.378062 0.214286 1112
-0.393594 0.250000 517
0.368699 0.050000 740
-0.403413 0.225000 1034
0.358095 0.500000 946
-0.417583 0.050000 1165
-0.402919 0.071429 210
0.422978 0.500000 12
-0.433439 0.033333 766
0.411982 0.250000 617
-0.331858 0.250000 510
0.339830 0.100000 786
0.333288 0.500000 944
0.393215 0.138095 375
-0.370516 0.357143 582
0.322934 0.816667 991
-0.349454 0.050000 1037
-0.383234 0.138095 1054
0.409619 0.500000 8
-0.423413 0.214286 190
0.403995 0.500000 10
0.419561 0.500000 946
-0.456190 0.033333 366
-0.370623 0.500000 1078
0.361468 0.071429 198
-0.384522 0.250000 979
0.349567 0.392308 1055
0.426436 0.087121 1055
-0.369420 0.071429 583
-0.364435 0.214286 1121
0.338366 0.500000 1144
0.426661 0.166667 652
0.333788 0.183333 1041
0.406236 0.071429 1117
-0.417593 0.100000 1026
0.376986 0.894444 371
-0.372062 0.138095 363
0.342140 0.033333 779
0.430777 0.500000 946
0.367919 0.500000 1204
0.389731 0.300000 1169
-0.398374 0.250000 1097
-0.379835 2.500000 1220
-0.376863 0.300000 1175
0.367065 0.033333 389
0.387417 0.250000 1133
-0.418427 0.100000 302
0.411894 0.190909 761
0.411374 0.500000 944
0.473440 0.225000 212
-0.379252 0.050000 354
0.383710 0.166667 1018
0.412571 0.500000 946
-0.425434 0.225000 1034
0.418421 0.392308 1055
-0.376384 0.225000 292
-0.366290 0.500000 1112
0.370713 0.833333 261
-0.370211 0.033333 765
0.379104 0.071429 606
-0.359096 0.233333 1174
0.354284 0.766667 756
0.387861 0.166667 1175
-0.456965 0.433333 757
-0.414789 0.050000 1038
-0.365635 0.138095 1053
-0.360104 0.500000 936
0.363411 0.750000 216
0.365673 0.033333 785
0.327098 0.500000 396
0.370901 0.166667 681
-0.424834 0.250000 979
-0.347406 0.150000 1165
0.354484 0.500000 946
0.401505 0.483333 1052
-0.478238 0.033333 390
0.388636 0.250000 147
0.391320 0.233333 1175
0.355299 0.166667 652
0.362476 0.033333 779
-0.433851 0.100000 716
0.382110 0.050000 740
0.416896 0.500000 946
-0.369465 0.033333 365
-0.365606 0.190909 1055
-0.334916 0.408333 370
0.389787 0.500000 9
0.338726 0.269697 1054
-0.384525 0.033333 764
0.312794 0.700000 756
-0.341124 0.845238 1035
0.430707 0.071429 1117
0.374834 0.500000 946
-0.382838 0.225000 1034
0.381958 0.500000 12
-0.409486 0.500000 408
0.453756 0.250000 569
-0.467384 0.050000 1038
-0.351886 0.138095 1053
0.353343 0.133929 1041
0.371938 0.033333 779
-0.424273 0.214286 1119
-0.329564 6.500000 1220
0.407797 0.500000 651
0.381034 0.500000 946
0.396666 0.500000 1204
-0.393771 0.138095 1054
-0.403666 0.500000 1078
-0.355508 0.500000 1112
-0.356489 0.267857 1001
-0.345660 0.050000 327
0.368461 0.500000 1
0.428987 0.174242 392
-0.389291 0.225000 292
0.376417 0.100000 315
-0.393109 0.050000 354
0.405264 0.500000 962
0.461883 0.500000 946
-0.368420 0.150000 1166
-0.353665 0.250000 510
0.347527 0.500000 8
-0.463375 0.408333 370
0.427474 0.500000 12
-0.441086 0.500000 408
0.376685 0.500000 10
0.362994 0.071429 198
0.391787 0.166667 652
-0.331768 0.033333 766
0.333394 0.500000 12
0.387405 0.500000 944
0.370433 0.450000 1158
-0.451863 0.095455 390
0.391794 0.071429 1117
-0.367958 0.100000 302
0.356385 0.500000 99
0.435826 0.500000 946
0.377727 0.833333 261
-0.447285 0.214286 190
0.355211 0.651515 757
0.390954 0.225000 212
-0.429377 7.500000 1220
0.331777 0.129167 1051
-0.400165 0.050000 1038
0.354454 0.050000 734
-0.373947 0.183333 1001
0.350383 0.500000 399
-0.387957 0.050000 1037
0.435098 0.357143 1114
-0.428682 0.500000 39
0.434242 0.050000 740
-0.373889 0.050000 354
0.393938 0.250000 985
-0.432186 0.250000 979
0.382957 0.500000 946
0.480011 0.350000 1158
0.384774 0.500000 1
0.371463 0.138095 375
-0.474471 0.225000 292
0.357877 0.250000 750
0.325444 0.133929 328
0.346016 0.250000 1010
0.404037 0.392308 1055
-0.406600 0.225000 1033
0.330900 0.211111 1045
-0.386822 0.183333 1001
0.331300 0.966667 361
-0.407224 0.166667 266
0.345676 0.250000 615
0.365439 0.500000 946
0.404151 0.071429 1117
0.420956 0.500000 9
-0.391516 0.700000 765
-0.318683 0.100000 1177
0.330005 0.500000 946
0.369319 0.100000 785
0.403595 0.087121 1055
0.393777 0.500000 12
-0.341991 0.408333 372
0.345318 0.174242 392
-0.393265 0.050000 354
0.365495 0.750000 509
-0.408550 0.500000 39
0.332558 0.766667 756
-0.339097 0.250000 979
-0.379978 0.500000 1112
0.409946 0.500000 945
-0.400662 0.050000 1165
0.387033 0.166667 1175
-0.369167 0.071429 583
-0.354108 0.233333 1174
0.365874 0.071429 606
-0.365033 0.050000 1037
0.417021 0.071429 600
-0.404420 0.500000 951
0.396216 0.500000 1155
0.376169 0.500000 8
-0.331603 0.138095 1054
-0.406358 0.100000 716
-0.367545 0.225000 288
0.419376 0.500000 946
0.350938 0.033333 779
-0.396788 7.500000 1220
0.386618 0.166667 1018
0.400647 0.500000 1
-0.350491 0.730303 361
0.361863 0.166667 652
0.357123 0.050000 740
-0.416008 0.250000 1097
0.431213 0.500000 1142
-0.386881 0.138095 363
-0.340025 0.071429 186
-0.375647 0.500000 936
0.393797 0.250000 147
-0.409272 0.050000 1038
0.400447 0.250000 618
-0.419554 0.250000 510
0.349014 0.894444 371
-0.407748 0.408333 370
0.372378 0.500000 10
-0.455185 0.033333 766
-0.338031 0.225000 1034
0.369622 0.500000 399
-0.338811 0.033333 392
0.323582 0.500000 946
0.391380 0.500000 12
-0.384808 0.300000 1175
-0.352598 3.500000 1220
0.376411 0.500000 472
-0.394081 0.154762 1039
0.423516 0.033333 779
0.407956 0.583333 253
-0.349248 0.775000 181
0.332892 0.190909 761
-0.359692 0.250000 545
0.386083 0.174242 392
0.437079 0.500000 1205
0.361191 0.071429 1117
0.379354 0.500000 946
-0.370013 0.225000 1033
0.436211 0.966667 361
-0.413963 0.033333 390
0.430550 0.071429 198
-0.381102 0.225000 292
0.367264 0.833333 756
-0.375599 0.300000 762
0.379238 0.250000 114
0.353439 0.500000 944
0.425459 0.138095 375
-0.356498 0.366667 294
0.345819 0.500000 8
-0.441355 0.138095 1054
-0.471451 0.500000 408
0.386230 0.250000 147
-0.359359 0.033333 783
0.379574 0.174242 365
-0.353754 0.071429 210
0.367498 0.500000 11
-0.392628 0.033333 766
0.336848 0.500000 10
-0.414298 0.408333 370
0.324182 0.500000 10
0.303462 0.269697 1054
-0.356102 0.183333 1001
0.387007 0.500000 99
0.434174 0.500000 958
-0.377322 0.071429 583
0.394840 0.500000 946
0.423614 0.166667 652
-0.338102 0.033333 363
-0.341019 0.250000 510
-0.318090 0.225000 1034
0.394821 0.050000 740
-0.405378 0.095455 390
0.385314 0.500000 411
0.388814 0.154762 1041
-0.362392 0.100000 1177
-0.345872 0.214286 1119
-0.361378 0.500000 1112
0.364839 0.500000 946
0.432016 0.500000 12
-0.409811 0.550000 1032
0.422313 0.928571 576
-0.431424 0.069048 1049
0.344437 0.071429 1117
0.414482 0.233333 1175
-0.377560 0.750000 144
0.402492 0.450000 1158
-0.415994 0.225000 292
0.373549 0.500000 399
0.401946 0.500000 1
0.358887 0.250000 630
-0.444180 0.500000 936
0.349167 0.033333 785
0.370806 0.500000 648
0.410370 0.166667 1018
-0.383348 0.500000 408
0.376713 0.500000 11
-0.324677 0.300000 1175
0.332752 0.366667 1030
-0.389637 0.225000 1033
0.382464 0.392308 1055
-0.372903 0.100000 302
0.397122 0.250000 618
0.375585 0.900000 684
-0.381054 0.033333 765
-0.374298 2.500000 1220
-0.414656 0.250000 979
-0.366391 0.214286 1112
-0.460567 0.071429 210
0.401952 0.500000 99
-0.404087 0.500000 1078
0.346887 0.071429 184
0.331381 0.157576 761
0.419898 0.500000 945
0.393353 0.500000 9
-0.428058 0.408333 370
0.369623 0.174242 392
-0.466140 0.050000 1038
0.342935 0.050000 740
0.378870 0.500000 8
-0.335638 0.148352 360
-0.411223 0.500000 438
0.298912 0.500000 946
0.415700 0.071429 1117
0.411487 0.618182 757
-0.338190 0.730303 361
0.390633 0.612500 325
0.393248 0.033333 779
0.417981 0.500000 944
0.343137 0.250000 569
-0.397202 0.050000 1037
0.349212 0.071429 606
-0.404604 0.357143 582
-0.397019 0.138095 1053
-0.325979 0.845238 1035
0.400402 0.033333 780
-0.363650 0.267857 1001
0.339126 0.250000 546
-0.329462 0.366667 294
0.338224 0.357143 1114
0.426441 0.500000 944
0.364984 0.225000 212
-0.380332 0.166667 266
0.354471 0.392308 1055
-0.371495 0.730303 361
0.379681 0.500000 1205
0.371000 0.928571 576
-0.413685 0.500000 1022
0.363394 0.211111 1045
-0.358019 0.183333 1001
-0.383672 0.033333 392
0.360856 0.071429 594
-0.418062 0.050000 1037
0.342363 0.500000 12
-0.386101 0.500000 408
0.399448 0.422619 1054
-0.377208 0.138095 363
0.363124 0.166667 652
0.376178 0.250000 147
0.424288 0.500000 946
0.439922 0.833333 261
-0.367418 0.050000 1165
-0.456749 0.069048 390
0.392322 0.750000 509
0.434256 0.500000 946
-0.349273 0.225000 1034
0.431448 0.071429 1117
-0.456309 0.100000 716
0.424637 0.071429 606
-0.332445 0.500000 1112
0.381813 0.500000 1
-0.397588 0.100000 1177
0.402029 0.500000 946
-0.389988 0.071429 186
-0.324546 0.225000 1034
0.334485 0.348485 1055
-0.382911 0.500000 951
0.391955 0.033333 784
-0.372712 6.500000 1220
-0.345518 0.730303 361
0.364858 0.250000 617
0.389073 0.750000 216
-0.359069 0.033333 765
0.367173 0.500000 12
-0.402514 0.050000 354
-0.374880 0.148352 360
0.354879 0.566667 1167
0.332089 0.250000 1133
-0.345738 0.050000 1038
0.393707 0.033333 779
0.445000 0.500000 946
-0.411417 0.225000 1034
0.430662 0.071429 1117
0.410405 0.500000 1205
0.359445 0.250000 569
0.406550 0.500000 946
0.370421 0.166667 760
0.329223 0.500000 8
-0.413879 0.357143 190
0.387264 0.500000 10
0.359920 0.033333 785
0.356654 0.500000 648
0.414901 0.033333 377
-0.407350 0.267857 183
0.372631 0.366667 1030
0.383304 0.166667 1018
0.456549 0.450000 1024
0.332118 0.138095 375
-0.351227 0.050000 1037
-0.346502 0.166667 655
0.387352 0.500000 944
0.396165 0.766667 756
-0.352561 0.100000 302
0.385164 0.750000 509
-0.419935 0.250000 219
0.382834 0.050000 734
-0.305099 0.183333 1001
0.330796 0.500000 399
-0.390065 0.300000 762
-0.368791 0.750000 108
0.336466 0.357143 1114
-0.412975 0.050000 354
0.389749 0.392308 1055
-0.422422 0.250000 979
0.374005 0.500000 946
0.496298 0.500000 1082
0.434275 0.700000 684
-0.354202 0.357143 1120
-0.421612 0.500000 1112
0.356982 0.500000 1142
-0.445024 0.250000 1097
0.390964 0.500000 411
-0.440684 0.250000 517
0.481558 0.500000 12
-0.426133 0.500000 408
0.396716 0.050000 740
-0.445784 0.225000 1034
0.312957 0.300000 688
0.331016 0.500000 0
-0.378437 0.214286 190
0.382052 0.500000 10
0.335305 0.279221 1055
-0.373475 0.095455 390
0.382085 0.350000 1158
0.452197 0.500000 946
0.345099 0.071429 1117
-0.472510 6.500000 1220
-0.362182 0.100000 1176
-0.329317 0.225000 1034
0.336274 0.348485 1055
-0.399357 0.166667 266
0.369780 0.071429 198
-0.364390 0.500000 1078
0.343606 0.500000 1144
0.359490 0.618182 757
-0.322701 0.730303 361
0.372296 0.366667 1032
0.369415 0.166667 1018
0.385867 0.500000 946
-0.388707 0.225000 1034
-0.363522 0.071429 186
0.311544 0.585714 180
-0.302738 0.633333 1024
-0.325363 0.730303 361
0.346724 0.500000 1
0.427741 0.750000 509
0.380022 0.166667 652
0.392185 0.500000 946
0.390057 0.033333 779
-0.454789 0.100000 1026
0.368313 0.500000 12
-0.397225 0.500000 438
-0.464851 0.225000 288
0.379595 0.630682 1046
0.342424 0.174242 365
0.444332 0.500000 8
-0.408721 0.033333 765
0.326222 0.033333 785
0.354901 0.833333 261
-0.329460 0.357143 190
-0.354954 0.050000 1038
0.421899 0.250000 527
0.423481 0.500000 946
0.364071 0.500000 12
-0.405651 0.250000 979
-0.370341 0.050000 1165
-0.428605 0.225000 292
0.368388 0.366667 1030
0.328337 0.250000 618
0.340431 0.033333 389
-0.324510 0.250000 510
0.353710 0.166667 651
-0.322781 0.071429 583
0.417524 0.250000 969
0.392150 0.500000 411
-0.383280 0.233333 1174
0.357606 0.050000 740
0.460208 0.500000 944
0.389755 0.833333 756
-0.423073 0.100000 302
0.380726 0.138095 375
-0.403034 0.845238 1035
-0.411993 0.214286 1112
-0.392218 0.225000 1033
0.419590 0.500000 946
0.436619 0.157576 761
0.351349 0.500000 0
0.375172 0.071429 1117
-0.444215 0.033333 390
0.346879 0.500000 99
-0.413157 0.225000 292
0.324810 0.500000 399
-0.378775 0.500000 936
0.376558 0.050000 738
0.367162 0.500000 1204
-0.357967 0.138095 1053
-0.405466 0.500000 408
0.428974 0.500000 11
-0.411366 0.033333 765
0.382936 0.500000 9
-0.371689 0.408333 370
-0.362683 0.050000 1038
0.439610 0.422619 1054
-0.367696 0.500000 1078
0.392268 0.500000 1142
-0.403146 0.183333 1001
0.327963 0.211111 1045
-0.357903 0.250000 979
0.383499 0.166667 1018
-0.386322 0.845238 1035
0.383538 0.357143 1114
-0.362615 0.250000 1097
0.387301 0.071429 606
-0.340736 0.050000 1037
0.418457 0.071429 1117
-0.416834 0.071429 210
0.479761 0.250000 1133
0.357653 0.500000 946
-0.398044 0.050000 1165
0.453435 0.500000 8
0.395099 0.250000 546
0.311045 0.300000 688
0.332120 0.500000 945
0.378547 0.350000 1158
-0.419550 0.357143 1120
-0.352399 0.500000 1112
-0.381921 0.250000 979
0.402843 0.050000 740
-0.389748 0.166667 1015
0.404105 0.166667 1018
0.404981 0.500000 946
-0.376013 0.357143 582
0.433768 0.174242 392
-0.422929 0.050000 354
0.377814 0.071429 198
0.383855 0.166667 652
0.364185 0.500000 9
-0.383855 0.357143 190
0.368934 0.183333 1041
0.424173 0.894444 371
-0.374764 0.033333 766
-0.346178 0.300000 1175
0.421784 0.500000 1142
-0.401093 0.250000 1097
0.419441 0.225000 212
0.415790 0.500000 8
0.351737 0.816667 991
0.361036 0.618182 757
0.380118 0.050000 734
0.340558 0.500000 958
-0.422295 0.214286 1112
0.426160 0.500000 946
-0.371633 0.225000 1034
-0.410644 0.033333 366
-0.423361 0.500000 951
0.443667 0.750000 509
-0.389008 0.166667 266
0.371860 0.138095 375
0.371225 0.500000 946
0.358364 0.833333 756
0.427385 0.166667 1175
-0.404547 0.881944 331
-0.373538 0.500000 39
-0.377554 0.214286 1112
-0.418125 0.100000 716
0.375699 0.500000 10
-0.401337 0.166667 655
-0.420965 0.500000 408
0.402331 0.500000 12
-0.360657 0.100000 302
0.376062 0.071429 1117
0.415586 0.500000 944
0.393240 0.157576 761
0.358699 0.700000 684
-0.351397 0.100000 1176
0.391853 0.500000 946
0.400097 0.033333 785
-0.342209 6.500000 1220
-0.410971 0.214286 1112
-0.449124 0.069048 390
0.380209 0.100000 1029
-0.375831 0.250000 979
0.355434 0.392308 1055
-0.400260 0.267857 1001
0.336139 0.366667 1030
0.322365 0.833333 648
0.311792 0.500000 1
-0.370095 0.148352 360
-0.366786 0.225000 292
0.383929 0.148352 375
-0.422057 0.500000 438
0.336946 0.071429 198
-0.374707 0.500000 936
0.320980 0.894444 371
-0.372269 0.233333 1174
-0.336102 0.033333 766
0.360951 0.166667 681
-0.432042 0.100000 302
0.355893 0.500000 9
-0.433272 0.408333 370
0.360075 0.500000 10
-0.330331 0.166667 655
-0.420357 0.033333 1048
0.356518 0.500000 946
-0.445140 0.050000 1165
0.372942 0.618182 757
0.346595 0.250000 618
0.320554 0.050000 740
-0.386631 0.500000 965
0.379407 0.500000 399
-0.345667 0.350000 726
0.395455 0.500000 411
-0.421654 0.225000 292
0.325063 0.500000 1142
-0.329927 0.250000 1097
0.366047 0.750000 1131
-0.422918 0.071429 210
-0.376458 0.350000 1156
0.405828 0.500000 946
-0.441555 0.225000 1034
0.391828 0.392308 1055
0.425195 0.500000 8
0.372220 0.300000 688
-0.354240 0.730303 361
0.410652 0.500000 1
0.447042 0.500000 99
-0.426353 0.050000 1038
-0.389435 0.033333 765
0.379625 0.500000 12
-0.391446 0.500000 407
-0.345952 0.138095 1053
0.367365 0.154762 1041
0.369511 0.500000 963
0.424036 0.250000 969
0.376123 0.033333 779
0.382770 0.500000 944
0.368148 0.500000 12
-0.376037 0.408333 372
0.347053 0.500000 399
-0.369735 0.258333 366
-0.372124 0.730303 361
0.320174 0.500000 1204
0.377797 0.350000 1158
-0.407624 0.500000 39
-0.380097 0.071429 580
0.333876 0.500000 946
0.412670 0.833333 261
0.427848 0.500000 472
0.350678 0.071429 606
0.370689 0.033333 785
0.392360 0.500000 946
-0.393826 0.225000 1034
0.411187 0.833333 756
-0.422044 0.071429 210
0.447705 0.750000 509
-0.419630 0.069048 1049
0.368405 0.071429 1117
0.458945 0.500000 946
0.403488 0.250000 617
-0.357611 0.138095 363
0.344449 0.250000 147
-0.396032 0.100000 716
0.433442 0.422619 1054
-0.432090 0.500000 1022
0.308643 0.348485 1055
-0.387231 0.267857 1001
0.356378 0.750000 217
-0.324781 0.100000 1177
-0.374643 4.500000 1220
-0.306182 0.071429 583
-0.399427 0.500000 951
0.409915 0.033333 780
-0.354262 0.095455 390
0.373241 0.500000 99
0.414353 0.500000 946
0.383872 0.166667 652
0.399965 0.500000 10
-0.443446 0.214286 190
-0.338693 0.050000 1037
0.474658 0.250000 527
-0.415460 0.267857 183
0.346725 0.500000 11
-0.360687 0.033333 767
0.391968 0.071429 1117
-0.366811 0.214286 1121
0.353441 0.250000 1133
-0.378920 0.050000 1038
0.379010 0.050000 740
-0.410366 0.250000 1097
0.365400 0.500000 1142
0.358343 0.100000 760
0.350596 0.500000 11
-0.376216 0.033333 766
0.347956 0.500000 8
0.394634 0.250000 630
0.403126 0.500000 958
0.349247 0.250000 147
0.359498 0.500000 946
-0.337865 0.225000 1034
0.413530 0.392308 1055
-0.409394 0.069048 390
0.423666 0.450000 1158
-0.433536 0.433333 762
0.362274 0.033333 779
0.426959 0.500000 944
0.390256 0.250000 569
-0.447069 0.500000 39
0.377167 0.500000 12
-0.372409 0.316667 336
0.346481 0.500000 399
0.363956 0.500000 0
-0.334720 0.225000 288
-0.327441 0.100000 716
0.350848 0.174242 365
-0.370365 0.267857 1001
0.353800 0.269697 1054
-0.319122 0.138095 1054
-0.403959 0.100000 293
-0.296388 0.250000 979
0.408474 0.050000 740
-0.391754 0.214286 1119
0.331115 0.050000 734
0.380233 0.500000 946
-0.393267 0.500000 1112
0.389752 0.166667 652
-0.331802 0.050000 1037
0.443586 0.225000 212
-0.426747 0.233333 1174
0.356162 0.500000 12
-0.414017 0.095455 390
0.385893 0.928571 576
0.438096 0.500000 944
0.365152 0.129167 1051
0.407386 0.500000 946
0.337268 0.500000 1204
0.373154 0.033333 779
-0.457644 0.225000 1033
0.340848 0.500000 1
0.414885 0.392308 1055
-0.433199 0.138095 363
0.346800 0.050000 351
-0.375149 0.500000 438
0.354359 0.250000 750
-0.366375 0.500000 951
0.455541 0.071429 1117
-0.368364 0.071429 210
0.356698 0.071429 594
0.343648 0.233333 1175
-0.365596 0.408333 370
0.395612 0.500000 10
-0.393657 0.033333 766
0.355632 0.250000 569
-0.431248 0.050000 1038
0.328199 0.500000 945
0.433945 0.750000 509
0.431966 0.500000 8
-0.367718 0.408333 370
0.381217 0.700000 757
0.355803 0.250000 1133
-0.368247 0.214286 1121
-0.349583 0.214286 1112
0.404701 0.183333 1043
0.376724 0.500000 12
-0.400648 0.500000 408
0.429279 0.166667 1018
-0.412226 0.250000 979
-0.341004 0.500000 1112
0.403645 0.500000 946
0.351406 0.174242 392
-0.446020 0.100000 716
0.377090 0.250000 985
-0.383635 0.071429 210
0.352177 0.500000 99
-0.384251 0.845238 1035
-0.348392 0.100000 1177
0.358051 0.500000 10
-0.355973 0.033333 765
-0.326764 0.100000 302
0.422292 0.750000 509
0.406603 0.620192 1046
0.342360 0.500000 12
0.372772 0.500000 946
-0.403126 0.050000 1165
0.468882 0.166667 1175
0.364923 0.500000 962
-0.425587 0.500000 39
-0.419736 0.148352 360
-0.391824 0.225000 1034
0.418703 0.166667 1022
0.386563 0.392308 1055
-0.357916 0.050000 1038
0.375033 0.071429 198
0.415160 0.500000 8
0.380711 0.166667 652
-0.355343 0.071429 583
0.391276 0.500000 944
0.376258 0.833333 756
-0.384009 0.357143 1120
0.425177 0.050000 734
0.311038 0.250000 546
0.345777 0.750000 217
-0.337486 0.183333 1001
0.345399 0.138095 375
-0.366774 0.050000 1037
0.333447 0.250000 750
-0.391674 0.500000 1078
0.375357 0.050000 740
-0.409968 0.500000 1022
0.367969 0.033333 785
0.401542 0.500000 946
0.413227 0.071429 1117
-0.428228 0.050000 354
0.402085 0.450000 1158
-0.444982 0.500000 936
0.397820 0.700000 756
-0.334351 0.071429 186
-0.426159 7.500000 1220
0.372723 0.071429 1117
0.414716 0.500000 946
-0.371345 0.190909 1055
0.298056 0.071429 198
0.434161 0.087121 1055
0.393874 0.422619 1054
-0.367638 0.500000 408
0.433797 0.500000 12
-0.371716 0.250000 219
0.360457 0.166667 1018
-0.392971 0.500000 951
0.398252 0.174242 392
-0.391339 0.500000 408
0.357819 0.500000 11
-0.346285 0.633333 1024
-0.399731 0.408333 370
0.437372 0.833333 261
-0.343740 0.100000 302
0.408358 0.350000 1158
0.436870 0.500000 946
0.390563 0.500000 472
0.380472 0.630682 1046
0.382084 0.500000 399
0.361689 0.500000 1204
-0.348136 0.300000 1175
-0.403772 0.214286 1112
0.464049 0.500000 944
-0.380460 0.071429 583
0.365297 0.233333 1175
0.375525 0.157576 761
-0.347996 0.100000 302
-0.346447 0.138095 1053
-0.346581 0.050000 1037
0.355342 0.250000 985
-0.396062 0.250000 545
-0.344361 0.250000 510
0.416898 0.250000 617
-0.369360 0.775000 181
0.345702 0.366667 1032
-0.292030 0.357143 582
0.342660 0.050000 740
-0.408736 0.225000 1033
0.384538 0.236111 1045
0.367653 0.630682 1046
0.339580 0.392308 1055
-0.396506 0.250000 979
-0.319565 0.100000 1176
0.397132 0.166667 1022
0.337805 0.500000 1142
0.351450 0.300000 688
0.340695 0.500000 8
-0.414181 0.904545 367
-0.391229 0.166667 257
0.366640 0.250000 527
-0.411969 0.095455 390
0.347228 0.071429 600
0.389847 0.500000 946
-0.375304 0.166667 1177
-0.335649 0.050000 1037
-0.401577 0.500000 1112
0.387540 0.071429 606
-0.351520 0.225000 1033
0.356634 0.348485 1055
-0.379671 0.267857 183
0.404550 0.071429 1117
0.408269 0.750000 151
0.386767 0.900000 684
0.314112 0.500000 945
0.378909 0.100000 785
-0.426462 0.500000 39
0.373321 0.250000 527
-0.431912 0.071429 210
0.358958 0.500000 12
-0.356102 0.408333 372
0.323990 0.033333 377
-0.434996 0.069048 1049
0.359682 0.500000 10
-0.402802 0.033333 766
0.397444 0.500000 99
-0.394442 0.250000 979
0.348138 0.700000 684
0.362784 0.250000 985
0.394393 0.500000 1
0.345024 0.500000 946
-0.445794 0.050000 1165
-0.377881 0.225000 292
0.362134 0.250000 558
0.424652 0.500000 1205
-0.359423 0.138095 1054
-0.383530 6.500000 1220
0.325563 0.250000 147
-0.380277 0.033333 390
0.379530 0.357143 1114
0.454205 0.500000 946
0.388657 0.166667 1018
-0.411688 0.500000 965
0.339459 0.500000 12
-0.374977 0.500000 408
0.381894 0.250000 527
-0.432681 0.100000 716
-0.336966 0.225000 1034
0.436654 0.392308 1055
-0.377614 0.138095 363
0.353520 0.166667 652
0.410260 0.894444 371
0.406955 0.183333 1041
-0.388114 0.408333 370
0.401378 0.500000 10
0.354598 0.071429 198
-0.368705 0.033333 766
-0.331191 0.300000 1175
0.365883 0.500000 10
-0.324107 0.148352 360
-0.397756 0.071429 210
0.352951 0.500000 962
0.473572 0.500000 946
0.352446 0.500000 1204
0.407865 0.071429 1117
-0.457510 0.267857 1001
0.316206 0.750000 217
0.293580 0.357143 1114
0.405118 0.500000 944
0.389026 0.129167 1051
-0.363452 0.250000 979
0.387421 0.250000 546
0.330856 0.071429 606
-0.313494 0.357143 582
0.353910 0.250000 176
-0.387252 0.500000 408
0.370390 0.500000 12
-0.358929 0.250000 1097
0.376836 0.500000 1142
-0.368479 0.214286 190
0.468058 0.500000 8
0.380878 0.500000 99
-0.438988 0.100000 716
0.334748 0.174242 365
0.401735 0.166667 1022
0.331875 0.033333 779
-0.471199 0.050000 1038
0.414976 0.250000 1133
-0.403724 0.100000 293
-0.348080 0.138095 1053
0.395731 0.500000 1205
0.439401 0.483333 1052
-0.389274 0.050000 1037
-0.342615 0.730303 361
0.401606 0.500000 399
-0.385320 0.033333 383
0.381504 0.033333 779
-0.415194 0.279221 366
0.334711 0.166667 652
0.386943 0.250000 114
-0.335707 0.408333 370
0.355493 0.833333 261
0.330947 0.500000 946
0.459495 0.033333 377
-0.457168 0.071429 210
0.414886 0.450000 1158
0.437526 0.500000 944
0.375063 0.166667 1018
0.401280 0.500000 1
-0.323752 0.300000 1175
0.385953 0.050000 740
-0.392430 0.250000 219
-0.347299 0.225000 288
0.350254 0.535714 180
-0.305745 0.730303 361
0.363781 0.269697 1052
0.334941 0.833333 648
-0.367044 0.250000 979
0.380931 0.350000 1158
-0.395652 0.069048 1049
0.364226 0.392308 1055
0.394589 0.500000 946
0.336167 0.050000 734
-0.373822 0.225000 1034
0.358132 0.033333 785
0.369226 0.700000 756
-0.379913 0.071429 210
0.414691 0.500000 399
0.332704 0.775000 991
-0.379296 0.633333 1024
0.377055 0.500000 1
0.422299 0.250000 630
0.422149 0.500000 958
0.347392 0.500000 1082
-0.405747 0.225000 292
-0.343006 0.750000 144
0.430600 0.894444 371
-0.377886 0.500000 408
-0.417913 0.166667 655
0.371897 0.500000 8
0.375771 0.157576 761
-0.380461 0.250000 1097
0.411768 0.500000 1142
-0.355959 0.408333 370
-0.349715 0.500000 438
0.451053 0.500000 12
-0.397652 0.050000 1160
0.305546 0.250000 617
0.404589 0.500000 946
0.366804 0.071429 1117
-0.450146 0.100000 302
0.369579 0.148352 375
0.428327 0.500000 944
0.412864 0.350000 1158
0.385376 0.500000 648
0.351592 0.225000 212
-0.410187 0.267857 183
-0.370903 0.071429 186
0.327537 0.500000 0
-0.373418 0.730303 361
0.334006 0.750000 509
0.480407 0.154762 1041
0.339648 0.166667 652
0.367915 0.071429 198
-0.390065 0.250000 979
0.368642 0.174242 365
-0.405338 0.357143 1120
0.362621 0.100000 1148
0.441735 0.500000 945
0.337663 0.900000 297
-0.353743 0.500000 1112
0.364191 0.500000 396
0.388461 0.071429 1117
-0.459158 0.050000 1038
-0.337619 0.071429 580
-0.343283 0.225000 1033
0.334652 0.500000 946
0.407818 0.250000 527
-0.474061 0.071429 210
0.389854 0.157576 761
-0.317910 0.357143 582
0.357588 0.174242 392
0.427867 0.500000 944
-0.362113 0.100000 1031
-0.376274 0.050000 1037
0.392960 0.071429 606
-0.346381 0.250000 1097
0.408674 0.071429 1117
0.408091 0.500000 946
0.360584 0.350000 1158
0.447424 0.500000 8
-0.373476 0.408333 370
-0.386825 4.500000 1220
0.365976 0.500000 12
-0.400828 0.500000 408
-0.399050 0.881944 331
0.351267 0.618182 757
-0.326471 0.750000 613
0.332563 0.500000 10
-0.373726 0.033333 766
0.348113 0.500000 12
-0.365253 0.071429 210
0.380895 0.450000 1158
-0.400911 0.500000 1078
0.374428 0.500000 1142
-0.392188 0.300000 1175
0.349213 0.500000 411
-0.400503 0.100000 302
0.325469 0.071429 198
-0.359160 0.500000 39
0.372700 0.050000 740
0.384274 0.166667 652
0.364963 0.500000 946
-0.362455 0.225000 1034
0.439051 0.966667 361
0.375940 0.366667 1032
-0.450664 0.730303 361
0.348455 0.500000 1204
-0.328983 0.174242 1053
-0.334903 0.033333 765
0.442568 0.500000 8
-0.368868 0.214286 1112
-0.436880 0.225000 292
0.374234 0.500000 399
-0.376621 0.050000 1038
0.388514 0.250000 630
0.408374 0.500000 946
0.354178 0.500000 10
-0.446645 0.214286 190
0.404342 0.500000 1
0.417620 0.033333 779
-0.403769 0.750000 108
0.339955 0.500000 1204
-0.321909 0.138095 1054
-0.409071 6.500000 1220
0.356094 0.033333 785
0.367953 0.583333 252
-0.343643 0.166667 655
-0.396691 0.033333 783
0.377538 0.148352 375
-0.378770 0.500000 936
0.352398 0.250000 546
-0.401438 0.250000 1097
0.434172 0.050000 740
-0.390431 0.225000 1033
0.349990 0.366667 1030
0.354905 0.630682 1046
0.411825 0.071429 600
-0.399022 0.166667 266
0.378919 0.392308 1054
0.392636 0.500000 946
0.385173 0.500000 962
-0.458268 0.100000 716
0.359003 0.357143 1114
-0.379982 0.225000 292
0.381588 0.250000 750
-0.364349 0.250000 979
0.331223 0.816667 991
-0.308461 0.250000 510
0.378552 0.250000 615
-0.354545 0.033333 390
0.394284 0.500000 411
0.408843 0.500000 946
-0.349421 0.069048 366
-0.393244 0.050000 1037
0.391965 0.500000 12
-0.395820 0.500000 965
-0.401379 0.214286 1112
0.421105 0.500000 396
-0.329834 0.050000 1165
-0.417173 0.267857 1001
0.362116 0.154762 1041
0.420789 0.483333 1052
0.406454 0.500000 958
-0.312538 0.138095 1053
0.369002 0.500000 8
-0.415813 0.033333 766
0.370836 0.500000 12
-0.363540 0.500000 408
0.393460 0.750000 509
-0.398188 0.500000 951
0.393916 0.500000 399
-0.319578 0.730303 361
0.379053 0.750000 217
-0.352165 0.225000 1034
0.430470 0.392308 1055
-0.379674 0.071429 210
0.372888 0.500000 411
0.348512 0.500000 944
0.408114 0.766667 756
-0.325576 0.233333 1174
0.394750 0.250000 1133
0.357954 0.233333 1175
-0.379011 0.214286 190
0.365413 0.856410 370
-0.317629 0.033333 765
-0.328219 0.050000 1038
0.456854 0.750000 509
0.437098 0.500000 8
-0.376972 0.408333 370
0.352849 0.500000 946
0.432761 0.500000 12
-0.365199 0.033333 768
0.366152 0.350000 1158
0.380386 0.166667 1175
-0.395056 0.100000 1176
0.395373 0.500000 10
-0.362476 0.250000 510
-0.335618 0.267857 1001
0.404324 0.095455 1051
0.400270 0.500000 945
0.344017 0.033333 785
-0.360178 0.050000 1037
0.356684 0.071429 606
-0.365591 0.050000 1165
-0.424745 0.500000 39
-0.366382 0.138095 1054
0.404254 0.500000 1205
0.387374 0.500000 1142
0.324091 0.050000 738
-0.408063 0.279221 366
-0.327987 0.730303 361
-0.318406 0.500000 1112
-0.409793 0.250000 979
0.410157 0.392308 1055
-0.413843 0.050000 354
0.375767 0.166667 1018
0.458735 0.500000 946
-0.385929 0.225000 1034
0.387342 0.250000 527
0.431788 0.166667 652
0.358494 0.500000 1
0.376667 0.071429 198
0.404736 0.500000 396
-0.370207 0.633333 1024
-0.317348 0.148352 360
-0.405162 0.225000 292
0.381911 0.925824 371
-0.371218 0.357143 190
0.407361 0.500000 8
0.317618 0.174242 365
0.424658 0.500000 958
0.349683 0.250000 150
-0.327741 0.033333 766
-0.355992 0.071429 186
0.360975 0.500000 944
0.465361 0.500000 99
-0.398550 0.050000 354
0.407559 0.500000 12
-0.376432 0.500000 408
0.426513 0.833333 756
0.366880 0.500000 946
0.363961 0.250000 617
-0.382852 0.357143 582
-0.373703 0.183333 1001
0.409259 0.500000 411
-0.424948 0.050000 1038
0.433880 0.500000 399
-0.388186 0.225000 1033
0.386255 0.236111 1045
-0.375050 0.214286 1119
0.397353 0.050000 740
-0.423517 0.250000 979
-0.336735 0.500000 1112
0.355821 0.154762 1041
0.394535 0.166667 1018
-0.408655 0.267857 1001
0.321316 0.160256 1056
0.355594 0.785714 1112
0.352209 0.483333 1052
-0.464717 0.100000 716
0.325592 0.483333 1052
0.402717 0.500000 944
0.358990 0.250000 1133
0.333776 0.500000 1
0.427081 0.138095 375
-0.376963 0.233333 1174
0.314173 0.166667 1022
0.446271 0.071429 1117
-0.415049 0.500000 951
0.399400 0.174242 392
-0.378541 0.500000 936
-0.350387 0.071429 186
-0.316494 0.138095 363
0.390698 0.900000 684
-0.335724 0.100000 302
0.339345 0.750000 509
0.383384 0.500000 946
0.393084 0.900000 297
-0.395646 0.357143 190
-0.322052 0.050000 1037
-0.392996 0.166667 655
0.401697 0.500000 9
0.379005 0.250000 618
0.348801 0.166667 652
-0.393827 0.250000 510
0.346560 0.071429 198
0.463689 0.250000 1010
0.430705 0.071429 1117
-0.419714 0.050000 1038
-0.355432 0.071429 580
-0.360875 0.214286 1121
0.371173 0.500000 12
0.412659 0.500000 946
-0.394103 0.500000 1112
-0.368093 0.225000 1033
-0.363676 0.033333 392
0.387857 0.700000 756
-0.335706 0.250000 1125
0.362995 0.500000 399
-0.335138 0.500000 408
0.398183 0.250000 527
-0.439709 0.071429 210
0.407755 0.500000 99
-0.400190 0.750000 112
0.391133 0.250000 558
-0.390871 0.250000 979
0.343594 0.500000 946
0.436686 0.129167 1051
-0.393881 6.500000 1220
0.362833 0.033333 779
-0.429133 0.050000 1038
-0.358872 0.730303 361
0.375600 0.157576 761
0.329614 0.500000 1
-0.375397 0.100000 1177
0.392257 0.500000 946
0.400720 0.500000 12
-0.384498 0.033333 767
0.352730 0.250000 147
0.371165 0.166667 652
-0.364842 0.250000 545
0.387131 0.833333 261
0.392525 0.392308 1055
-0.372448 0.225000 1001
-0.337484 0.033333 1048
0.370078 0.100000 785
0.389723 0.133929 1041
-0.382349 0.408333 370
0.419264 0.500000 11
-0.363753 0.225000 292
0.365193 0.050000 734
0.334936 0.366667 1032
-0.324476 0.138095 1053
-0.370998 0.033333 383
0.376018 0.350000 1158
0.378499 0.500000 946
-0.360251 0.225000 1034
0.411561 0.166667 1018
-0.447422 0.071429 210
0.431817 0.050000 740
-0.392752 0.500000 1078
0.380593 0.500000 1142
-0.381230 0.250000 1097
0.438619 0.225000 212
0.431051 0.500000 958
0.344980 0.766667 756
-0.373140 0.500000 936
0.365371 0.138095 375
0.459777 0.500000 0
-0.354607 0.033333 766
-0.393034 0.148352 360
0.464669 0.500000 8
0.364776 0.250000 546
-0.351500 0.300000 1175
-0.309581 0.214286 1112
0.454995 0.233333 1175
-0.333651 0.357143 582
0.347532 0.500000 946
-0.486158 0.214286 1112
-0.420842 0.100000 716
-0.360128 0.225000 288
0.322343 0.300000 688
-0.341307 0.150000 722
0.339259 0.450000 1158
0.394469 0.500000 1205
-0.366875 0.138095 1054
-0.408842 0.250000 979
0.335015 0.500000 946
0.399490 0.250000 617
0.368282 0.500000 11
-0.424418 0.033333 766
0.322671 0.050000 351
-0.407954 0.050000 354
0.424965 0.500000 962
-0.435948 0.225000 292
0.360566 0.500000 0
0.420528 0.350000 1158
-0.355775 4.500000 1220
0.313220 0.100000 786
0.368836 0.033333 785
0.378062 0.500000 946
-0.400192 0.190909 1055
0.393476 0.500000 1204
-0.433999 0.214286 1112
-0.448047 0.500000 39
0.363002 0.250000 176
-0.351959 0.500000 408
0.412862 0.500000 12
-0.355202 0.408333 372
0.339724 0.500000 399
-0.385132 0.050000 1038
0.370533 0.250000 985
-0.377861 0.166667 1015
0.390454 0.050000 740
-0.408944 0.138095 363
0.349200 0.050000 351
-0.391117 0.050000 354
0.374912 0.033333 377
0.407125 0.500000 946
-0.415492 0.225000 1034
0.424496 0.300000 688
-0.392470 0.033333 392
0.352603 0.500000 11
-0.349708 0.408333 372
-0.356490 0.250000 510
0.324412 0.392308 1055
0.432245 0.500000 944
0.411242 0.500000 12
-0.336860 0.225000 1033
0.347579 0.500000 472
0.425980 0.500000 946
-0.377328 0.050000 1165
0.424795 0.133929 1041
0.371279 0.174242 392
0.447364 0.500000 958
0.344570 0.050000 734
-0.389758 0.250000 1097
0.427642 0.050000 740
0.382865 0.500000 1
-0.375270 0.732143 181
-0.341099 0.148352 360
-0.384556 0.500000 408
0.365740 0.500000 12
-0.352837 0.138095 363
0.338247 0.157576 761
-0.363227 0.118056 1049
0.385056 0.500000 1082
0.430049 0.500000 944
0.362762 0.129167 1051
0.359550 0.500000 8
-0.378681 0.033333 765
0.358610 0.250000 1133
-0.384372 0.357143 1120
0.407428 0.250000 630
0.432617 0.618182 757
-0.330937 0.071429 581
-0.314333 0.050000 354
0.427201 0.750000 1131
-0.390830 0.500000 39
0.348755 0.100000 315
0.319889 0.500000 8
-0.347073 0.408333 370
0.325149 0.500000 1204
-0.361460 0.138095 1054
0.414312 0.500000 945
0.372290 0.166667 652
0.367004 0.900000 297
-0.415069 0.904545 367
-0.378608 0.500000 445
0.437390 0.071429 198
-0.369083 0.166667 266
-0.370417 0.214286 1112
-0.406388 0.500000 39
-0.400280 2.500000 1220
-0.397768 0.250000 1097
0.409463 0.500000 411
0.364815 0.500000 8
0.316676 0.816667 991
0.318796 0.366667 1032
-0.325992 0.071429 186
0.408584 0.500000 946
0.365233 0.350000 1158
-0.418715 0.050000 1037
0.399389 0.700000 684
0.415160 0.071429 1117
-0.460831 0.250000 979
0.352750 0.174242 365
-0.436497 0.069048 390
0.394639 0.436508 1055
-0.396198 0.250000 990
0.326919 0.500000 399
0.336568 0.500000 946
0.334538 0.033333 779
-0.458497 0.050000 1038
0.349630 0.500000 12
-0.375662 0.033333 767
-0.360427 0.730303 361
0.354172 0.392308 1054
0.349653 0.500000 1
-0.354249 0.138095 1053
-0.364453 0.433333 762
0.373252 0.750000 509
-0.368244 0.250000 979
0.335569 0.250000 546
0.302181 0.138095 375
0.414096 0.183333 1041
0.374393 0.080128 1051
0.384793 0.500000 946
0.344210 0.500000 8
0.409616 0.071429 1117
0.408208 0.450000 1024
0.351168 0.357143 1114
-0.403604 0.050000 1160
-0.345691 0.033333 1048
-0.347716 0.071429 583
-0.431364 0.233333 1174
0.329939 0.100000 786
-0.322347 0.279221 366
0.346997 0.250000 150
0.322192 0.500000 1142
-0.362445 0.500000 438
0.402186 0.392308 1055
-0.383706 0.500000 951
0.400584 0.366667 1029
-0.407405 0.500000 1022
0.322697 0.050000 740
-0.379106 0.250000 1097
0.349426 0.500000 1142
0.366709 0.620192 1046
0.372681 0.157576 761
-0.377311 0.633333 1024
0.363131 0.500000 396
0.470394 0.500000 411
-0.413343 0.500000 965
0.412007 0.500000 12
-0.356275 0.500000 408
-0.366306 0.148352 360
-0.358633 0.500000 1075
0.352710 0.500000 11
-0.383060 0.033333 766
0.336703 0.500000 10
-0.411797 0.357143 190
0.312062 0.500000 10
-0.316638 0.183333 1001
0.363189 0.500000 1204
0.429686 0.500000 1082
0.423795 0.500000 944
0.377686 0.174242 365
-0.420047 0.225000 292
0.369830 0.500000 411
-0.438136 0.100000 302
0.368193 0.300000 1169
0.442305 0.500000 946
0.350178 0.100000 687
0.430317 0.166667 1018
-0.430640 0.071429 210
0.427597 0.500000 99
-0.439882 0.250000 979
0.321395 0.071429 198
-0.392731 0.500000 39
0.368181 0.766667 756
-0.344984 0.300000 762
0.313617 0.138095 375
0.412338 0.500000 946
-0.359514 0.225000 1033
0.386217 0.392308 1055
-0.431254 0.050000 354
0.410542 0.350000 1158
0.413864 0.500000 8
0.398069 0.071429 606
-0.417609 0.033333 766
0.343510 0.250000 630
-0.457683 0.250000 971
0.395493 0.033333 779
0.384374 0.500000 1
-0.373704 0.730303 361
0.362772 0.269697 1054
0.346539 0.450000 1158
0.432392 0.500000 946
-0.389986 0.225000 1034
0.381526 0.129167 1051
-0.419709 0.071429 210
0.370623 0.750000 509
-0.419281 0.500000 1078
0.370005 0.500000 1144
0.371806 0.166667 1175
0.398819 0.500000 12
-0.380641 0.033333 768
-0.397212 0.100000 1176
0.342440 0.500000 10
-0.392045 0.214286 190
0.340403 0.366667 1030
-0.336204 0.267857 1001
0.339096 0.500000 12
0.346516 0.166667 652
-0.376488 0.250000 510
0.353908 0.500000 945
0.417461 0.033333 785
0.337554 0.833333 261
-0.330232 0.105556 334
-0.332874 0.050000 1038
0.450498 0.050000 740
-0.382579 0.214286 1121
0.371509 0.500000 399
0.374942 0.500000 1
0.382368 0.050000 734
-0.376557 0.500000 936
0.440648 0.071429 1117
-0.484658 0.250000 219
-0.385227 0.148352 360
0.377387 0.500000 648
0.365957 0.174242 392
-0.434525 0.100000 293
0.308097 0.250000 618
0.329911 0.250000 135
0.386706 0.250000 969
-0.372504 0.214286 1112
0.428194 0.500000 946
-0.413281 0.225000 1034
0.379520 0.392308 1055
-0.421509 0.071429 210
0.384887 0.250000 147
0.380610 0.500000 8
0.368662 0.300000 688
-0.335465 0.033333 765
0.343427 0.500000 10
-0.373210 0.904545 367
-0.410496 0.250000 545
0.362330 0.250000 617
0.331332 0.500000 1142
-0.412991 0.300000 1175
0.390918 0.233333 1175
-0.385297 0.138095 1053
-0.386015 0.050000 1038
-0.426663 0.071429 583
-0.340563 0.050000 1037
0.340683 0.750000 216
0.324901 0.500000 400
0.380993 0.500000 944
0.404877 0.033333 779
-0.378670 0.100000 716
0.338049 0.500000 11
-0.374859 0.500000 407
0.376561 0.033333 784
0.394207 0.618182 757
-0.363446 0.138095 363
0.353167 0.071429 1117
0.428654 0.500000 946
-0.349059 0.225000 288
0.438364 0.500000 8
0.338921 0.250000 1133
-0.355153 0.357143 1120
0.407116 0.450000 1158
-0.439354 0.071429 210
0.392568 0.928571 576
-0.381540 0.166667 266
0.359244 0.071429 198
0.337204 0.500000 1205
0.368287 0.250000 630
-0.382114 0.500000 39
0.391564 0.357143 1114
0.424112 0.500000 946
0.365885 0.500000 12
-0.381691 0.225000 1034
-0.383220 0.033333 766
0.356464 0.250000 986
0.343840 0.620192 1046
-0.399642 0.071429 186
0.341109 0.100000 687
0.405492 0.050000 740
-0.411787 0.250000 1097
0.454252 0.500000 1142
-0.371673 0.050000 1038
-0.365756 0.105556 1045
-0.329651 0.250000 1097
0.388963 0.050000 734
0.369623 0.166667 652
0.363943 0.500000 946
0.479663 0.500000 99
0.458265 0.500000 1
-0.388610 0.730303 361
-0.341161 0.033333 392
0.352461 0.894444 371
-0.382794 0.225000 292
0.391375 0.250000 176
0.382967 0.500000 944
0.397459 0.500000 1082
-0.400126 0.033333 783
0.362968 0.174242 365
-0.372522 0.500000 951
0.412668 0.436508 1055
-0.416039 0.225000 1034
0.335304 0.500000 946
-0.374344 0.148352 360
-0.452781 0.071429 210
0.432687 0.071429 1117
-0.379438 7.500000 1220
0.425299 0.833333 756
-0.365740 0.033333 768
0.394606 0.500000 12
-0.350057 0.069048 390
0.351633 0.392308 1055
-0.364673 0.250000 979
-0.367196 0.033333 765
0.353432 0.500000 10
-0.438769 0.408333 370
0.338223 0.500000 9
0.366594 0.071429 198
-0.405777 0.050000 1038
0.378715 0.900000 684
0.381834 0.500000 946
-0.424561 0.050000 1165
-0.391163 0.500000 39
0.362288 0.750000 509
0.425084 0.500000 8
-0.373262 0.408333 370
0.373534 0.612500 325
0.369806 0.250000 114
-0.323467 0.633333 1024
0.325639 0.166667 1018
0.396608 0.607692 1046
0.309028 0.050000 351
0.365318 0.500000 946
-0.378597 0.150000 1166
0.386620 0.500000 1
0.406902 0.250000 1133
-0.330889 0.033333 363
0.335575 0.500000 1204
-0.342742 0.214286 1119
0.399213 0.250000 558
0.427991 0.500000 944
-0.364193 0.500000 1112
0.355550 0.566667 1167
0.341942 0.250000 147
-0.370391 0.100000 302
-0.362405 0.166667 655
0.369673 0.166667 652
0.397276 0.500000 946
0.379259 0.500000 12
-0.406448 0.750000 144
-0.333493 0.071429 186
-0.380757 0.138095 363
0.331978 0.050000 740
-0.404754 0.100000 1026
0.406123 0.033333 779
-0.402691 0.500000 965
0.376333 0.157576 761
-0.352204 0.500000 438
0.422950 0.225000 212
-0.421904 0.500000 936
0.382521 0.500000 472
0.351522 0.500000 946
0.336668 0.138095 375
-0.442852 0.100000 302
0.388672 0.500000 99
-0.417154 0.450000 726
0.411516 0.500000 399
-0.397651 0.183333 1001
0.335224 0.033333 785
0.375336 0.500000 9
-0.352482 0.033333 765
0.338248 0.500000 1204
-0.352183 0.138095 1054
-0.485615 0.225000 292
0.370351 0.250000 750
0.391430 0.366667 1032
-0.344276 0.225000 1033
0.384771 0.392308 1055
-0.410979 0.033333 390
0.350916 0.357143 1114
0.406715 0.500000 946
-0.355661 0.225000 1034
0.454589 0.138095 375
0.409025 0.500000 1
0.353511 0.071429 1117
0.416496 0.166667 1175
-0.380525 0.100000 1177
0.416665 0.500000 946
0.372911 0.450000 1158
-0.434776 0.166667 257
0.362069 0.050000 740
-0.368096 0.250000 979
0.378923 0.300000 688
0.340003 0.050000 734
-0.377497 0.069048 390
0.434174 0.500000 99
-0.396683 0.845238 1035
0.365427 0.500000 11
-0.393909 0.500000 408
0.428666 0.071429 1117
-0.366553 0.214286 1121
0.338815 0.766667 756
0.363953 0.500000 946
0.330920 0.500000 12
0.396941 0.450000 1024
-0.395086 0.500000 1112
-0.359072 0.225000 1034
0.384818 0.392308 1055
-0.484006 0.500000 445
0.390767 0.500000 962
-0.389752 0.050000 354
0.390833 0.250000 147
0.374365 0.500000 946
0.332882 0.500000 9
-0.471783 0.408333 370
0.343680 0.500000 10
-0.333114 0.050000 1038
0.482216 0.033333 377
-0.460741 0.225000 292
0.381238 0.071429 198
0.384769 0.166667 652
-0.378879 0.250000 510
-0.395867 0.500000 936
0.386336 0.100000 785
0.396197 0.250000 618
0.390913 0.154762 1041
0.358813 0.166667 1018
-0.395981 0.118056 1049
-0.369724 0.138095 1053
0.394481 0.500000 946
-0.334820 0.225000 1034
0.415634 0.392308 1055
0.413609 0.500000 8
-0.363359 0.357143 190
0.355764 0.500000 1
0.458748 0.138095 375
-0.362099 6.500000 1220
0.411959 0.900000 684
-0.318248 0.300000 1175
-0.384881 0.750000 619
-0.393268 0.050000 1037
0.315840 0.250000 986
-0.319358 0.500000 408
0.364367 0.422619 1054
-0.400107 0.225000 1033
-0.312529 0.033333 392
-0.359623 0.183333 1001
0.401988 0.236111 1045
0.359583 0.500000 10
-0.337304 0.033333 766
0.351900 0.100000 786
-0.321732 0.357143 582
0.378839 0.174242 392
-0.423986 0.500000 1078
0.354442 0.500000 411
0.422076 0.500000 944
0.437212 0.157576 761
-0.350100 0.100000 302
0.450615 0.050000 740
-0.376535 0.183333 1001
-0.336670 0.050000 354
0.470681 0.500000 399
-0.319808 0.225000 292
0.462375 0.357143 1114
0.358358 0.500000 946
0.384029 0.500000 1204
0.413919 0.071429 1117
-0.414558 0.267857 183
0.423780 0.500000 11
-0.380697 0.408333 370
0.384069 0.500000 10
-0.387851 0.033333 768
0.358864 0.250000 527
-0.411458 0.500000 39
0.339180 0.250000 630
-0.410635 0.050000 1038
0.363202 0.071429 198
-0.355846 6.500000 1220
0.362027 0.033333 384
-0.352866 0.100000 302
0.360470 0.250000 985
-0.387115 0.166667 680
0.382810 0.750000 509
0.417128 0.500000 946
0.374480 0.166667 652
0.393061 0.033333 779
-0.477768 0.250000 979
0.337853 0.250000 546
0.315274 0.050000 351
-0.389752 0.050000 354
0.394470 0.422619 1054
-0.393252 0.166667 1015
-0.385567 0.166667 655
-0.365046 0.225000 292
-0.348950 0.350000 1156
0.395491 0.500000 946
0.397194 0.833333 261
-0.404050 0.214286 190
0.380485 0.500000 1
0.380203 0.775000 337
-0.404754 0.233333 1174
-0.346315 4.500000 1220
0.400879 0.071429 1117
-0.425393 0.118056 1049
0.385730 0.138095 375
0.346511 0.154762 1041
0.411979 0.833333 756
-0.387022 0.225000 292
-0.318381 0.250000 510
-0.334269 0.138095 1054
0.455958 0.500000 944
0.374242 0.357143 1114
-0.395272 0.071429 210
0.400938 0.500000 399
-0.392336 0.225000 1034
0.381683 0.050000 740
0.417748 0.500000 946
0.447681 0.500000 472
-0.379322 0.500000 1075
0.378377 0.071429 198
0.454491 0.500000 8
-0.341789 0.033333 765
0.357417 0.500000 411
-0.449360 0.050000 1038
0.374551 0.250000 617
-0.356052 0.730303 361
0.397418 0.612500 325
0.357344 0.500000 12
-0.353803 0.214286 1121
0.345296 0.392308 1055
-0.419968 0.500000 1022
0.347274 0.500000 946
0.488911 0.750000 509
-0.394383 0.100000 716
0.365405 0.033333 779
-0.409317 0.500000 39
-0.373975 2.500000 1220
-0.361910 0.211111 1042
-0.337563 0.357143 582
-0.353342 0.214286 1112
0.433277 0.500000 396
0.335806 0.033333 785
0.434999 0.071429 606
-0.368052 0.050000 1037
0.379429 0.100000 785
0.405414 0.500000 946
0.368277 0.500000 8
0.436390 0.166667 1018
-0.387991 0.845238 1035
-0.408836 0.100000 1177
-0.337351 0.500000 1112
0.427530 0.633333 991
-0.317060 0.250000 979
-0.395491 0.214286 1112
-0.411967 0.071429 210
0.387394 0.700000 756
0.360835 0.500000 1142
-0.435376 0.408333 370
-0.367387 0.633333 1024
0.333388 0.500000 958
0.414773 0.250000 1092
0.370195 0.500000 1204
-0.348018 0.225000 1034
0.362637 0.500000 946
0.514500 0.166667 1018
0.401504 0.500000 1
0.330512 0.500000 99
0.439490 0.500000 944
0.367346 0.250000 1133
-0.384052 0.250000 1097
0.393963 0.050000 740
-0.395414 0.214286 1119
-0.332421 0.033333 365
-0.354556 0.750000 1123
-0.351306 0.071429 210
-0.403302 0.138095 1054
0.379073 0.500000 946
0.364854 0.500000 9
-0.431175 0.033333 766
0.409750 0.775000 337
-0.404969 0.225000 292
-0.376235 0.148352 360
-0.393364 0.118056 1049
0.372329 0.050000 738
0.356932 0.100000 687
0.312290 0.071429 1117
-0.403543 0.500000 1022
0.334183 0.269697 1054
-0.330375 0.730303 361
0.354672 0.422619 1054
0.448893 0.500000 946
0.337031 0.500000 1
0.435728 0.166667 1018
-0.364479 0.183333 1001
0.376305 0.133929 1041
-0.415187 0.050000 1165
-0.391690 0.033333 1048
0.340662 0.500000 11
-0.393918 0.500000 408
0.389366 0.500000 399
-0.325121 0.138095 363
0.356767 0.350000 1158
-0.397593 0.071429 210
0.381132 0.050000 740
-0.391281 0.225000 1034
0.408018 0.236111 1045
0.350302 0.500000 648
0.351581 0.250000 985
0.378426 0.500000 958
-0.330112 0.166667 655
-0.380267 7.500000 1220
0.365997 0.483333 1052
-0.430930 0.100000 716
-0.339144 0.105556 1045
0.330504 0.500000 946
0.391685 0.157576 761
-0.341669 0.233333 1174
0.378130 0.500000 12
-0.365581 0.050000 1160
0.364577 0.050000 734
-0.386634 0.500000 951
0.474503 0.350000 1158
0.360329 0.250000 1010
0.396639 0.500000 651
-0.406455 0.033333 390
-0.363953 0.071429 583
