thresh
1500
3.136736 0.690476 1054
1.620367 0.500000 945
1.595944 0.500000 14
1.389277 0.833333 657
0.894955 0.033333 383
-1.070435 0.050000 734
0.834047 0.214286 580
-0.965081 0.033333 370
1.069818 0.833333 659
0.783986 0.033333 1172
-0.821279 0.050000 1158
0.802070 0.071429 579
0.733345 0.050000 348
-0.838324 0.033333 370
0.707783 0.700000 756
0.651147 0.250000 1010
-0.930518 0.566667 1167
0.673956 0.500000 1204
0.632404 0.100000 1026
-0.660869 0.250000 508
0.591971 0.166667 760
-0.609811 0.100000 295
0.591083 0.833333 658
-0.562526 0.050000 750
0.647385 0.166667 1172
0.694941 0.500000 944
0.573143 0.222527 374
-0.622815 7.500000 1220
0.548396 0.781746 1046
-0.564283 0.033333 370
0.553382 0.900000 694
-0.599069 0.766667 765
0.616032 0.392308 1054
0.676558 0.269697 375
0.574943 0.750000 1101
0.600913 0.150000 1162
-0.536808 0.050000 1163
-0.615810 0.071429 1115
0.465093 0.233333 1177
0.541833 0.500000 945
-0.582320 0.416667 1022
-0.433683 0.050000 1158
0.480779 0.166667 1172
-0.566740 0.250000 1100
0.535362 0.100000 323
0.534444 0.233333 756
0.468469 0.100000 311
0.629884 0.500000 945
0.468675 0.105556 1037
0.539302 0.071429 579
-0.554803 0.069048 366
0.420798 0.500000 14
-0.583152 0.276190 370
0.567202 0.833333 658
0.448417 0.071429 582
0.505809 0.269697 375
-0.511783 0.033333 370
0.561957 0.700000 756
-0.425395 0.550000 720
-0.529892 0.500000 1215
0.512840 0.366667 311
0.589931 0.500000 944
0.441646 0.464286 999
-0.585052 0.250000 1100
0.489207 0.950000 721
-0.442729 0.050000 755
0.545489 0.050000 738
0.415004 0.071429 581
-0.495656 0.033333 368
0.446508 0.033333 1172
0.433077 0.150000 1162
0.394588 0.250000 546
-0.478672 0.233333 762
0.414756 0.785714 1112
-0.407226 0.300000 688
0.528380 0.033333 383
0.507067 0.392308 1054
0.418318 0.750000 720
0.410939 0.500000 945
0.507021 0.105556 1037
-0.540386 0.500000 1214
0.498654 0.500000 464
-0.530276 0.174242 1218
0.474699 0.928571 184
0.503459 0.833333 656
-0.575527 0.900000 764
0.456502 0.950000 730
-0.612786 0.033333 370
0.406512 0.414286 1001
-0.470940 0.500000 436
-0.428163 0.250000 216
0.522357 0.100000 311
0.485353 0.233333 756
0.461774 0.366667 1028
0.486232 0.833333 656
-0.483014 0.100000 765
-0.436506 0.050000 1158
0.484748 0.850000 730
0.520273 0.500000 945
0.500743 0.166667 760
0.456220 0.500000 76
-0.513753 0.300000 688
0.435124 0.071429 579
-0.477610 0.166667 252
0.495035 0.100000 1150
0.459771 0.833333 656
-0.439895 0.766667 764
0.389098 0.950000 729
0.469757 0.500000 945
0.500821 0.464286 999
-0.468775 0.250000 1098
0.509391 0.033333 383
0.417891 0.100000 1173
0.426440 0.129167 362
-0.553641 0.050000 755
0.448723 0.166667 1172
0.546992 0.250000 1010
-0.493521 0.566667 1167
-0.468579 0.500000 1214
0.436879 0.050000 738
-0.438600 0.483333 360
0.426783 0.148352 383
-0.523637 0.174242 1218
0.445078 0.366667 1028
-0.471145 0.250000 508
0.490866 0.577381 1054
0.430994 0.833333 658
-0.522216 0.033333 370
0.489565 0.166667 1172
-0.514853 0.166667 770
0.462406 0.100000 323
0.469978 0.233333 756
-0.453967 0.050000 1163
0.511171 0.150000 1162
0.395052 0.500000 945
-0.461593 0.050000 1163
0.443223 0.150000 726
0.387103 0.700000 685
0.392803 0.105556 1037
-0.448069 0.129167 366
-0.366162 0.250000 1108
0.413358 0.236111 330
0.396360 0.100000 1173
-0.354047 0.033333 1170
0.402136 0.166667 1172
-0.463210 0.174242 1218
0.420237 0.250000 131
0.484974 0.500000 945
0.472592 0.500000 406
-0.433124 0.033333 370
0.452100 0.214286 580
0.430472 0.387500 1043
0.532698 0.190909 374
-0.512584 0.050000 1158
0.402366 0.148352 383
0.553277 0.833333 655
0.468994 0.100000 323
-0.463602 0.050000 755
-0.392979 0.566667 1167
-0.467049 0.129167 366
-0.391658 0.250000 1131
0.439930 0.033333 1172
-0.437273 0.050000 1160
0.386923 0.071429 581
0.387807 0.500000 945
0.497108 0.118056 339
-0.389986 0.050000 743
0.460331 0.033333 383
0.468543 0.577381 1054
0.398120 0.785714 1112
-0.399571 0.166667 652
0.413531 0.700000 756
0.425193 0.050000 735
-0.398002 0.033333 370
0.504363 0.833333 658
-0.460222 0.233333 765
0.439183 0.833333 656
-0.413603 0.750000 540
0.479627 0.250000 1006
0.433107 0.500000 1204
0.403996 0.781746 1046
0.367754 0.500000 945
0.432225 0.464286 999
-0.424581 0.174242 1218
0.402554 0.366667 311
-0.459727 0.645833 324
0.412274 0.071429 579
0.429333 0.166667 1172
-0.503556 0.250000 1100
0.386978 0.225000 290
0.524861 0.500000 945
0.461167 0.833333 658
-0.488821 0.033333 370
-0.487855 0.050000 1166
-0.508946 0.050000 743
0.408469 0.269697 375
0.504471 0.100000 1176
-0.355650 0.100000 295
-0.428533 0.366667 1034
0.480082 0.387500 1043
0.440694 0.033333 383
-0.424547 0.050000 1158
0.349204 0.500000 945
0.455979 0.105556 1037
0.471822 0.233333 756
0.455650 0.366667 311
0.414908 0.500000 944
-0.390998 0.050000 1163
-0.441175 0.300000 688
0.395588 0.166667 760
0.376427 0.700000 684
-0.448313 0.100000 295
0.456105 0.500000 406
-0.451467 0.700000 764
0.434023 0.900000 692
-0.408280 0.100000 765
0.387274 0.033333 1172
0.438565 0.033333 761
0.401605 0.050000 738
-0.484705 0.033333 370
0.494101 0.833333 658
-0.440024 0.483333 360
-0.426573 0.166667 652
0.468705 0.100000 323
-0.462309 0.174242 1218
0.441017 0.240385 362
-0.474283 0.100000 707
0.425152 0.572727 1056
0.440081 0.033333 383
0.393476 0.071429 579
0.418230 0.387500 1043
0.461281 0.500000 14
-0.462749 0.033333 370
0.462989 0.500000 406
-0.437330 0.050000 1158
0.364327 0.500000 945
0.495781 0.240385 362
0.532781 0.100000 760
0.367669 0.100000 323
0.549159 0.233333 756
0.452120 0.225000 290
-0.447642 0.300000 688
0.353483 0.250000 546
0.426393 0.577381 1054
0.397448 0.033333 1172
-0.368708 0.050000 1160
0.418938 0.700000 756
-0.432130 0.033333 370
0.427869 0.233333 1176
0.449211 0.750000 1101
-0.379042 0.233333 762
0.370006 0.150000 1162
-0.388214 0.050000 1163
0.517495 0.500000 944
0.444579 0.788889 1035
-0.411783 0.050000 755
0.467316 0.250000 131
0.480513 0.833333 655
0.424679 0.269697 375
-0.435514 0.250000 1125
0.439178 0.166667 758
-0.440127 0.500000 462
0.404138 0.500000 461
-0.439128 7.500000 1220
-0.408579 0.550000 720
0.414066 0.071429 579
-0.414983 0.112500 324
0.407164 0.833333 658
-0.501568 0.033333 370
0.472872 0.166667 1017
-0.440451 0.050000 734
0.416593 0.100000 1171
0.371580 0.833333 656
-0.394694 0.700000 764
0.391147 0.950000 729
0.415725 0.150000 1162
0.449647 0.785714 1112
-0.414411 0.633333 1167
-0.426542 0.033333 372
0.367455 0.464286 999
-0.445527 0.500000 436
0.353353 0.148352 383
0.483386 0.500000 945
0.402364 0.833333 659
-0.390667 0.129167 366
0.442460 0.050000 338
-0.434128 0.500000 462
0.516099 0.050000 738
-0.359247 0.900000 764
0.400654 0.577381 1054
0.404251 0.166667 760
0.385380 0.033333 1172
-0.426651 0.250000 1131
0.414516 0.250000 553
-0.420911 0.300000 688
0.392125 0.700000 684
0.351975 0.250000 112
0.511405 0.500000 945
0.364854 0.464286 999
0.426036 0.250000 620
-0.425227 0.700000 764
-0.364330 0.250000 216
0.429206 0.950000 730
-0.463079 0.033333 370
0.435676 0.071429 579
0.474954 0.236111 326
-0.544475 0.250000 1100
0.470529 0.100000 323
-0.460308 0.366667 760
0.423157 0.166667 1172
-0.449730 0.500000 1214
-0.383327 0.166667 253
0.457457 0.033333 383
0.442085 0.233333 756
0.451672 0.269697 375
-0.400301 0.050000 734
0.343923 0.750000 618
-0.451743 0.050000 755
-0.392194 0.566667 1167
-0.428427 0.250000 1125
0.419261 0.100000 1150
0.495361 0.500000 945
0.435375 0.105556 1037
0.480383 0.392308 1054
-0.417659 0.366667 1034
-0.444663 0.250000 217
0.399076 0.033333 383
-0.464050 0.250000 1100
0.403793 0.071429 603
0.445310 0.100000 1173
-0.400046 0.050000 1163
-0.472598 0.500000 462
0.401092 0.166667 1172
0.498567 0.500000 945
0.486670 0.700000 756
-0.412118 0.033333 1170
0.372124 0.833333 656
0.432211 0.100000 323
-0.459147 0.033333 370
0.455302 0.500000 406
-0.490216 0.900000 764
0.474148 0.387500 1043
0.421933 0.050000 348
0.401335 0.214286 580
0.454996 0.500000 1204
0.428348 0.105556 1037
-0.436929 0.250000 1108
-0.433963 0.766667 1167
0.394061 0.785714 1112
-0.352222 0.566667 1167
-0.461138 0.250000 1125
0.428050 0.166667 663
-0.424142 0.166667 652
0.403273 0.750000 613
0.335861 0.150000 726
0.405030 0.577381 1054
0.457206 0.100000 323
-0.481184 0.174242 1218
0.450050 0.166667 1172
-0.483673 0.250000 1098
0.391013 0.500000 14
0.445871 0.900000 691
0.414023 0.236111 326
0.523275 0.500000 945
-0.429046 0.071429 1116
0.526013 0.100000 1150
-0.425542 0.033333 780
0.374000 0.269697 375
-0.435378 0.708333 1024
0.377220 0.781746 1046
0.455484 0.233333 756
0.402394 0.050000 738
-0.357112 0.033333 370
0.428036 0.071429 581
0.403241 0.100000 311
-0.509357 0.050000 1158
-0.395386 0.133929 330
0.422741 0.833333 658
-0.433184 0.033333 369
0.428215 0.250000 112
-0.462202 0.500000 1215
0.433211 0.100000 323
-0.490499 0.100000 707
0.383405 0.577381 1054
0.468940 0.033333 383
-0.409132 0.300000 688
0.396749 0.750000 230
0.434207 0.500000 945
0.424684 0.214286 580
0.470318 0.833333 656
0.461761 0.236111 326
-0.486786 0.500000 1216
0.422689 0.148352 383
0.463179 0.387500 1043
-0.399362 0.100000 765
0.419712 0.833333 658
-0.485520 0.033333 370
0.474082 0.700000 756
-0.451282 0.642857 576
0.471962 0.100000 1176
0.491842 0.033333 1172
-0.384395 0.050000 1160
-0.382593 0.050000 1163
0.451758 0.233333 756
0.411525 0.236111 326
0.503683 0.500000 944
0.418091 0.166667 1172
0.471566 0.100000 1173
-0.357717 0.050000 1163
-0.457738 0.645833 324
0.363740 0.833333 658
-0.430909 0.050000 750
0.471507 0.166667 1172
0.518252 0.500000 945
-0.419039 0.366667 1034
0.424568 0.387500 1043
0.377964 0.166667 760
0.426137 0.500000 464
-0.505579 0.250000 1125
0.406616 0.750000 618
-0.438945 0.300000 1155
0.344632 0.366667 1028
0.440728 0.500000 944
0.391194 0.071429 579
0.437124 0.166667 1172
-0.474657 7.500000 1220
-0.387057 0.225000 325
0.408781 0.087121 1048
-0.424567 0.050000 755
-0.425196 0.566667 1167
-0.436717 0.250000 1098
0.440767 0.500000 14
-0.456797 0.500000 436
0.389538 0.100000 1150
-0.437951 0.269697 368
-0.355742 0.233333 762
0.404921 0.150000 726
-0.359609 0.225000 991
0.414269 0.833333 658
-0.369766 0.033333 370
0.478621 0.450000 339
0.501538 0.100000 760
0.427059 0.071429 579
0.377297 0.250000 1128
0.473424 0.500000 945
0.399779 0.464286 999
-0.486061 0.500000 1216
0.427971 0.100000 323
0.442874 0.700000 685
-0.403757 0.050000 1158
0.386127 0.150000 1162
0.452340 0.166667 1172
0.531580 0.750000 1101
-0.390530 0.071429 1116
-0.357834 0.074176 366
0.469868 0.788889 1035
0.425458 0.900000 692
-0.388651 0.033333 370
0.482374 0.222527 374
0.394998 0.033333 759
0.387464 0.250000 131
0.526343 0.500000 945
0.389222 0.833333 658
-0.386337 0.033333 370
0.406118 0.700000 756
-0.428379 0.550000 720
0.454122 0.392308 1054
0.463624 0.033333 1172
-0.450296 0.900000 764
0.441569 0.833333 656
0.418893 0.105556 1037
-0.428809 0.050000 750
-0.396119 0.100000 765
0.449663 0.833333 658
-0.427130 0.033333 370
0.397760 0.150000 1162
-0.492766 0.050000 1163
0.436574 0.900000 691
0.403815 0.500000 14
0.422851 0.500000 944
0.439422 0.250000 112
-0.469366 0.250000 508
0.401291 0.166667 760
0.401633 0.577381 1054
0.436795 0.033333 383
-0.389894 0.500000 462
0.504031 0.050000 738
-0.414484 0.233333 762
0.430136 0.071429 579
-0.475121 0.275000 325
0.377672 0.833333 658
-0.484112 0.033333 370
0.436796 0.166667 1017
0.490957 0.100000 762
0.402369 0.750000 618
0.454912 0.233333 756
0.429826 0.166667 1172
-0.459889 0.071429 590
0.417377 0.100000 323
0.466540 0.500000 945
0.374261 0.309524 999
-0.444549 0.250000 508
0.348390 0.250000 131
-0.459157 0.500000 462
-0.409857 0.225000 991
0.484777 0.050000 348
-0.391305 10.500000 1220
0.491800 0.236111 326
-0.453427 0.250000 1098
-0.380218 0.566667 1167
-0.433613 0.500000 1214
0.376962 0.250000 131
0.459092 0.071429 582
-0.431903 0.250000 217
0.405423 0.700000 756
0.355699 0.500000 945
0.516213 0.236111 326
0.475926 0.500000 1204
0.407533 0.033333 383
-0.391386 0.050000 1158
0.385327 0.950000 729
-0.431351 0.250000 979
0.394085 0.071429 581
-0.374585 0.100000 765
0.390897 0.833333 658
-0.518014 0.033333 370
0.420958 0.450000 339
-0.525621 0.166667 770
0.417022 0.105556 1037
0.450546 0.450000 1032
-0.395565 0.900000 764
0.503441 0.833333 658
0.436589 0.500000 945
0.452349 0.269697 375
0.496101 0.100000 760
0.374480 0.033333 1172
-0.429599 0.166667 652
0.390806 0.500000 14
-0.430898 0.250000 1100
0.407975 0.100000 311
-0.434672 0.645833 324
0.370277 0.233333 1176
-0.387972 0.050000 755
-0.483380 0.050000 1166
0.497599 0.500000 945
0.420252 0.071429 579
0.436402 0.236111 326
-0.507481 0.250000 976
0.382130 0.900000 692
-0.414194 0.233333 765
0.418675 0.833333 658
-0.411897 0.033333 370
0.409683 0.700000 756
-0.365537 0.550000 720
0.433285 0.392308 1054
0.429771 0.033333 383
-0.493226 0.174242 1218
0.449734 0.269697 375
0.424513 0.500000 944
0.405794 0.166667 1172
0.487617 0.100000 1173
-0.396323 0.250000 1108
-0.465701 0.050000 1166
-0.471031 0.500000 1214
0.445384 0.292857 1040
-0.430907 0.100000 1148
-0.345377 0.900000 764
0.372499 0.833333 656
0.499281 0.366667 1028
-0.413136 0.129167 366
0.377836 0.071429 579
0.376185 0.500000 945
0.487239 0.464286 999
-0.417624 0.645833 324
0.401124 0.033333 383
-0.404761 0.050000 755
0.447489 0.166667 1172
-0.459662 0.250000 1125
-0.421586 0.233333 762
0.399715 0.050000 738
0.402449 0.500000 945
0.459980 0.250000 131
-0.542591 0.500000 462
0.437541 0.236111 326
0.473481 0.100000 1173
-0.342619 0.050000 1163
0.457284 0.500000 944
0.386100 0.148352 383
-0.417699 0.033333 370
0.562394 0.500000 406
-0.391279 0.250000 1098
0.421875 0.225000 290
-0.449180 0.500000 462
-0.412935 0.225000 991
0.479828 0.100000 323
-0.513970 0.500000 1214
0.470814 0.269697 375
-0.435046 0.300000 688
0.361446 0.950000 721
-0.404453 0.500000 462
0.414002 0.750000 618
0.432627 0.500000 649
0.375370 0.750000 230
0.435878 0.500000 945
-0.376480 0.050000 1166
-0.472347 0.500000 1216
0.405094 0.500000 464
-0.463679 0.100000 707
0.399617 0.100000 311
-0.423331 0.100000 686
0.415082 0.928571 184
-0.450972 0.033333 370
0.474807 0.833333 656
0.407104 0.214286 580
0.359493 0.233333 1176
0.396422 0.577381 1054
0.406890 0.150000 726
0.360402 0.366667 1028
-0.467492 0.250000 1100
0.403923 0.500000 14
0.413593 0.500000 945
0.432240 0.700000 756
-0.442262 0.033333 1170
0.383642 0.033333 1172
-0.393613 0.750000 540
0.358202 0.148352 383
0.493155 0.233333 756
-0.410850 0.433333 1167
-0.465466 0.100000 1147
0.365290 0.166667 1172
0.471974 0.500000 945
0.432673 0.833333 658
-0.457939 0.033333 370
0.418767 0.464286 999
0.435384 0.100000 1176
0.377599 0.250000 546
0.419847 0.392308 1054
0.439344 0.033333 1172
-0.459446 0.050000 1160
0.355636 0.100000 1171
0.394950 0.750000 1101
0.351946 0.700000 685
0.400993 0.450000 339
-0.473809 0.250000 1131
-0.360967 0.500000 1215
-0.474044 0.566667 1167
-0.460117 0.250000 1100
0.461170 0.105556 1037
-0.436947 0.250000 216
0.412343 0.071429 579
-0.406316 0.033333 370
0.555830 0.950000 729
0.437744 0.150000 1162
-0.501067 0.050000 1163
0.453147 0.250000 1010
0.457892 0.851648 1046
-0.403937 0.050000 755
0.419777 0.148352 383
0.423711 0.387500 1043
-0.340656 0.129167 1055
-0.475818 0.100000 1147
0.366196 0.366667 1028
-0.450857 0.033333 370
0.512168 0.833333 658
0.396858 0.700000 685
0.392830 0.214286 580
-0.429888 0.033333 370
0.407893 0.118056 375
-0.394995 0.033333 780
0.397494 0.105556 1037
-0.463176 0.129167 366
0.413950 0.033333 383
0.522502 0.500000 945
0.409210 0.700000 756
-0.429538 0.050000 750
0.452863 0.236111 326
0.448786 0.100000 1173
0.350504 0.785714 1112
-0.353191 0.650000 721
0.437649 0.833333 656
-0.433031 0.900000 764
0.371150 0.100000 323
-0.437735 0.500000 1214
-0.398710 0.050000 1166
0.444776 0.500000 945
0.406661 0.464286 999
-0.459344 0.250000 1100
0.412734 0.500000 464
-0.444215 0.645833 324
0.437654 0.071429 581
-0.409460 0.050000 1158
0.428333 0.166667 1172
-0.479503 0.100000 1148
0.369010 0.500000 461
-0.445729 0.366667 762
0.349586 0.250000 1004
0.408219 0.500000 945
0.388438 0.500000 406
-0.424546 0.033333 370
0.400691 0.269697 375
-0.468004 0.050000 743
0.434928 0.100000 311
-0.475919 0.500000 462
0.414067 0.166667 758
0.490249 0.387500 1043
0.430265 4.500000 1220
-0.349304 0.071429 1116
0.401522 0.100000 1150
0.411623 0.833333 656
-0.390772 0.900000 764
0.358491 0.577381 1054
-0.430330 0.366667 1034
0.479231 0.500000 945
0.481842 0.750000 230
-0.501504 0.500000 436
0.453445 0.166667 1172
0.492669 0.233333 756
0.421902 0.366667 311
0.475453 0.100000 760
0.343010 0.950000 730
-0.436510 0.033333 370
0.422899 0.071429 579
0.400338 0.577381 1054
0.441488 0.105556 1037
-0.389155 0.500000 462
0.469019 0.100000 323
0.490574 0.700000 685
0.345502 0.071429 582
-0.419544 0.050000 1163
0.436544 0.500000 945
0.394860 0.233333 1176
-0.413063 0.074176 366
0.421690 0.792857 1046
-0.455182 0.300000 688
0.397089 0.950000 729
0.408084 0.150000 1162
0.411197 0.785714 1112
-0.382543 0.566667 1167
-0.458252 0.050000 1158
-0.394599 0.645833 324
0.416061 0.033333 383
0.439902 0.833333 656
0.417581 0.214286 580
0.489818 0.558442 1054
0.397888 0.166667 1017
-0.484374 0.100000 707
0.368959 0.166667 1172
-0.481851 0.500000 1216
0.428119 0.500000 461
0.458478 0.500000 945
0.398810 0.222527 374
-0.431717 0.250000 979
0.423989 0.071429 579
0.385083 0.450000 339
-0.451092 0.250000 1131
0.392667 0.387500 1043
0.428045 0.033333 1172
-0.458337 0.050000 1160
0.398910 0.833333 658
-0.550119 0.033333 370
0.537239 0.833333 648
0.349221 4.500000 1220
-0.343851 7.500000 1220
-0.519133 0.566667 1167
-0.441786 0.050000 1158
0.356219 0.436508 1054
0.431788 0.033333 383
-0.431254 0.500000 462
0.419196 0.236111 326
0.491653 0.500000 945
0.436961 0.833333 658
-0.400527 0.033333 370
0.458813 0.214286 580
0.404471 0.700000 756
-0.432786 0.129167 366
0.451292 0.100000 323
-0.509896 0.500000 436
0.407888 0.118056 375
-0.436159 0.050000 750
0.378263 0.500000 14
0.470449 0.500000 942
0.334061 0.833333 659
-0.429964 0.325000 298
0.368162 0.050000 738
-0.404746 0.100000 707
0.439339 0.033333 383
0.466831 0.387500 1043
0.402942 0.033333 1172
-0.414087 0.250000 1131
0.393994 0.930952 1046
-0.488355 0.050000 755
-0.426496 0.566667 1167
-0.435490 0.250000 1100
0.427326 0.250000 1006
-0.436106 0.645833 324
0.381935 0.071429 579
0.428440 0.166667 1172
0.497459 0.500000 945
0.419737 0.833333 658
-0.413960 0.033333 1170
0.344784 0.150000 1162
-0.417211 0.050000 1163
0.470927 0.233333 756
0.438562 0.450000 339
-0.456220 0.250000 979
-0.393354 0.100000 765
0.414075 0.900000 692
-0.461780 0.900000 764
0.465476 0.950000 729
-0.382033 0.300000 688
0.441427 0.166667 1172
0.436483 0.500000 945
0.374234 0.464286 999
-0.458827 0.174242 1218
0.433888 0.250000 131
-0.507386 0.250000 1125
0.406395 0.071429 204
0.481443 0.450000 1032
0.352851 0.166667 760
0.387991 0.833333 658
-0.500313 0.033333 370
0.437635 0.071429 579
0.460680 0.050000 738
0.429922 0.750000 613
0.376581 0.150000 1162
-0.356510 0.250000 1108
0.468993 0.250000 131
0.457775 0.250000 1010
0.447203 0.500000 464
-0.423483 0.300000 688
0.348617 0.928571 184
-0.462276 0.500000 462
0.423298 0.558442 1054
0.499609 0.148352 383
-0.480971 0.500000 1214
0.458037 0.366667 1028
-0.452925 0.250000 1098
0.422184 0.105556 1037
-0.408905 0.483333 360
0.380518 0.033333 761
0.401572 0.100000 323
-0.458159 0.050000 755
0.404333 0.166667 1172
0.444247 0.500000 944
0.373042 0.100000 1150
-0.415740 0.071429 1116
-0.384973 0.233333 762
0.395136 0.150000 726
-0.329041 0.033333 370
0.476282 0.700000 756
-0.363229 0.550000 720
0.399242 0.833333 656
0.398207 0.100000 1171
-0.386534 0.033333 369
0.350231 0.464286 999
-0.470360 0.174242 1218
0.421241 0.250000 167
0.446878 0.500000 945
0.399348 0.833333 658
-0.394973 0.129167 366
0.445626 0.792857 1046
-0.429874 0.500000 1214
0.446482 0.269697 375
-0.421886 0.050000 755
0.426778 0.166667 758
0.427656 0.500000 945
0.418911 0.071429 581
-0.403012 0.050000 1158
0.431942 0.148352 383
-0.465391 0.069048 366
-0.381614 0.366667 1034
0.417847 0.500000 945
0.375480 0.105556 1037
0.422186 0.071429 1120
0.448846 0.750000 230
-0.439345 0.050000 734
0.364831 0.539394 1056
0.380657 0.033333 383
-0.437294 0.250000 1125
0.457258 0.236111 326
-0.443315 0.500000 462
-0.408146 0.433333 1167
0.438684 0.387500 1043
0.392411 0.150000 1162
0.458940 0.050000 348
-0.433402 0.033333 372
0.470289 0.833333 658
-0.383796 0.050000 750
0.433970 0.050000 738
0.424253 0.033333 1172
-0.434539 0.250000 1100
0.415896 0.250000 131
-0.497580 0.033333 370
0.470561 0.071429 579
-0.416800 0.250000 216
0.480382 0.250000 112
-0.514586 0.250000 508
0.383116 0.833333 658
0.447771 0.450000 1032
0.464439 0.166667 760
0.412588 0.500000 14
-0.434409 0.500000 402
0.412141 0.166667 1172
0.471420 0.500000 944
0.380406 0.166667 1172
0.483611 0.100000 1173
0.373000 0.750000 1101
-0.430089 0.233333 765
0.420768 0.833333 658
-0.397036 0.033333 370
0.405135 0.236111 326
-0.505714 0.033333 780
-0.371718 0.050000 1163
0.477789 0.233333 756
0.433147 0.250000 131
-0.452811 0.500000 436
0.356910 0.166667 1172
0.460143 0.500000 945
0.396061 0.833333 656
0.473598 0.236111 326
-0.494121 0.900000 764
0.456344 0.900000 692
-0.390031 0.033333 1170
0.351670 0.033333 1172
-0.414840 0.900000 765
0.330848 0.850000 730
0.391317 0.500000 945
0.463362 0.464286 999
-0.403068 0.250000 1125
0.434099 0.930952 1046
-0.458313 0.500000 1215
-0.371821 0.112500 325
0.392168 0.033333 383
0.440711 0.500000 685
0.397487 0.105556 1037
0.412639 0.500000 945
-0.408097 0.233333 762
0.486031 0.250000 546
-0.366899 0.050000 1158
0.374017 0.100000 761
-0.345765 0.250000 217
-0.352343 0.416667 1023
0.372567 0.387500 1043
0.404464 0.033333 383
-0.436089 0.325000 298
0.475773 0.833333 658
-0.367840 0.033333 370
0.462975 0.700000 756
0.411383 0.214286 580
0.384585 0.387500 1043
0.432423 0.100000 323
-0.511261 0.050000 755
-0.454162 0.550000 720
0.365940 0.700000 685
0.416701 0.250000 112
-0.454943 0.100000 686
0.423846 0.500000 14
0.419484 0.500000 945
0.448315 0.033333 1172
-0.455614 0.071429 1116
0.361892 0.269697 375
0.485837 0.900000 691
0.397273 0.166667 1172
0.471661 0.100000 1176
0.411525 0.539394 1054
-0.401270 0.642857 577
-0.429959 0.250000 1100
-0.524256 0.050000 1163
0.435226 0.100000 762
0.422565 0.160256 1048
-0.445182 0.250000 1098
0.403672 0.100000 323
0.454918 0.233333 756
0.412399 0.750000 618
-0.412632 0.033333 369
0.429653 0.700000 756
-0.406521 0.174242 1218
0.444872 0.250000 221
0.439027 0.500000 944
0.413873 0.050000 738
-0.372915 0.100000 707
0.461615 0.166667 1172
0.458535 0.500000 1204
0.377300 0.071429 195
-0.413629 0.100000 1148
0.370260 0.900000 697
-0.427730 0.276190 370
0.440637 0.833333 658
-0.431300 0.900000 764
0.375934 0.539394 1054
0.393013 0.050000 338
0.380835 0.500000 945
0.414511 0.100000 1150
-0.431552 0.500000 436
-0.388391 0.050000 1166
0.438836 0.833333 656
-0.386563 0.250000 216
0.402700 0.071429 579
0.397957 0.785714 1112
0.449701 0.033333 383
-0.464743 0.233333 762
0.423219 0.150000 1162
-0.430323 0.033333 370
0.438840 0.250000 112
-0.492826 0.174242 1218
0.445995 0.950000 730
0.437045 0.500000 945
0.490397 0.450000 339
-0.491055 0.100000 1147
0.396826 0.250000 1004
-0.423631 0.500000 462
0.417445 0.366667 1028
0.504655 0.392308 1054
0.344850 0.700000 756
-0.425932 0.050000 1159
0.411678 0.214286 580
-0.364763 0.269697 368
0.437564 0.833333 658
-0.374405 0.033333 370
0.449312 0.250000 131
-0.431282 0.300000 1152
0.404867 0.233333 1176
-0.408924 0.166667 652
0.362540 0.033333 1172
0.440840 0.500000 944
0.470756 0.050000 738
0.388826 0.071429 581
-0.377354 0.033333 765
0.389778 0.833333 656
0.374242 0.166667 760
0.399701 0.539394 1054
0.487939 0.050000 348
0.450698 0.500000 1204
0.470234 0.166667 1017
-0.439581 0.300000 688
0.396751 0.100000 311
-0.444442 0.174242 1218
0.402988 0.166667 1172
0.469745 0.500000 944
0.379321 0.166667 1172
-0.483983 0.100000 707
-0.449397 0.225000 991
0.419491 0.071429 204
0.436027 0.100000 762
0.411816 0.166667 1172
-0.479252 0.250000 979
0.391300 0.833333 658
-0.399406 0.900000 764
0.375069 0.900000 692
-0.418093 0.033333 369
0.470829 0.928571 184
-0.490856 0.500000 1214
-0.450219 0.566667 1167
-0.427335 0.050000 1158
0.364823 0.500000 945
0.431704 0.250000 572
0.471404 0.233333 756
0.441848 0.236111 326
-0.477141 0.166667 770
0.434809 0.250000 131
-0.437976 0.366667 760
0.386792 0.100000 323
-0.432805 0.250000 1098
0.389321 0.500000 461
-0.435690 10.500000 1220
0.416400 0.071429 603
-0.405846 0.033333 370
0.421270 0.833333 658
0.432999 0.392308 1054
0.401934 0.781746 1046
-0.407098 0.645833 324
0.429701 0.071429 579
0.453559 0.166667 1172
0.486131 0.500000 945
-0.388410 0.366667 1033
-0.474683 0.129167 366
0.361675 0.033333 1172
0.347295 0.150000 1162
0.447205 0.785714 1112
-0.408934 0.050000 1163
-0.478147 0.033333 780
-0.399874 0.566667 1167
-0.481999 0.250000 1125
0.426232 0.500000 464
0.443993 0.100000 760
-0.416585 0.250000 217
0.417635 0.700000 756
-0.353288 0.033333 370
0.458408 0.833333 658
-0.412519 0.100000 765
0.350883 0.033333 771
-0.423743 0.300000 688
0.446157 0.269697 375
-0.419000 0.708333 1024
0.419609 0.033333 383
0.527936 0.833333 655
0.442292 0.225000 290
0.482728 0.500000 945
0.403121 0.071429 579
0.413265 0.236111 326
-0.506614 0.500000 462
0.423829 0.250000 131
-0.476551 0.250000 1100
0.420992 0.450000 339
-0.450603 0.645833 324
0.311678 0.166667 1172
-0.453360 0.500000 1214
0.385020 0.148352 383
0.423676 0.500000 945
0.405059 0.309524 999
-0.444940 0.250000 1125
0.424881 0.366667 1028
0.467136 0.833333 656
-0.405908 0.033333 370
0.434754 0.366667 311
-0.498502 0.050000 755
0.395011 0.366667 311
0.424323 0.100000 1176
0.379267 0.392308 1054
0.435334 0.033333 383
-0.401956 0.050000 734
0.385358 0.050000 738
-0.407373 0.033333 372
0.415699 0.100000 1150
0.444978 0.233333 756
0.496494 0.500000 461
0.446983 0.500000 944
0.392449 0.233333 1176
-0.390978 0.166667 652
-0.380426 0.050000 1166
-0.476858 0.250000 1133
0.374150 0.750000 230
0.481499 0.033333 761
-0.389683 0.033333 369
0.403188 0.851648 1046
-0.452057 0.500000 1216
0.463424 0.236111 326
0.439066 0.392308 1054
0.404074 0.250000 546
0.403696 0.700000 685
0.338415 4.500000 1220
-0.357622 0.050000 1158
-0.459050 0.566667 1167
0.466762 0.500000 945
0.455001 0.833333 658
-0.438770 0.033333 370
0.413238 0.118056 339
-0.466792 0.500000 1215
0.440350 0.100000 323
-0.476169 9.500000 1220
0.432465 0.250000 131
-0.426455 0.100000 1148
-0.357138 0.225000 991
0.423296 0.105556 1037
-0.429701 0.250000 1098
0.430992 0.750000 720
-0.357874 0.750000 540
0.364223 0.750000 613
0.335641 0.750000 618
0.447922 0.100000 762
-0.346273 0.233333 762
0.372991 0.500000 945
0.486965 0.033333 383
0.378661 0.392308 1054
0.375879 0.366667 302
-0.444972 0.033333 370
0.482097 0.071429 579
0.463096 0.050000 738
0.348210 0.150000 1162
0.473809 0.950000 729
-0.456696 0.050000 750
0.471761 0.100000 1150
-0.454601 0.325000 298
0.413145 0.833333 658
-0.463759 0.100000 765
0.410952 0.150000 1162
0.347933 0.900000 692
-0.402572 0.700000 764
0.392249 0.950000 729
-0.379691 0.166667 652
0.417818 0.500000 425
-0.440013 0.250000 979
-0.383077 0.050000 1158
0.432460 0.250000 131
0.519323 0.233333 756
0.425718 0.366667 1028
0.458314 0.500000 945
0.404187 0.833333 658
-0.380714 0.900000 764
0.386358 0.392308 1054
0.484625 0.250000 112
-0.505836 0.050000 743
0.419292 0.050000 348
-0.400229 0.033333 370
0.405778 0.500000 406
-0.401617 0.050000 330
0.394972 0.269697 375
-0.487813 0.500000 462
-0.436319 0.566667 1167
-0.478464 0.250000 1131
0.326953 0.071429 579
-0.410045 0.250000 216
0.416322 0.166667 1017
0.449210 0.900000 692
-0.406193 0.033333 370
0.408413 0.792857 1046
0.413495 0.392308 1054
-0.443789 0.366667 1034
0.420340 0.500000 945
-0.432648 0.050000 1163
-0.428932 0.500000 436
0.430036 0.750000 618
0.520581 0.233333 756
0.459701 0.500000 464
-0.445965 7.500000 1220
0.394794 0.750000 618
-0.422510 0.050000 755
-0.416157 0.566667 1167
-0.430353 0.250000 1100
0.403766 0.500000 14
-0.421932 0.900000 764
0.395523 0.436508 1054
-0.388932 0.050000 734
0.468944 0.105556 1037
0.391036 0.500000 945
0.421178 0.700000 756
-0.411036 0.033333 370
0.498387 0.833333 658
0.418148 0.166667 760
0.451822 0.269697 375
-0.502614 0.250000 979
-0.403753 0.050000 1158
0.405643 0.033333 383
0.462054 0.392308 1054
-0.356112 0.300000 688
0.538829 0.535714 186
0.427909 0.500000 945
0.404096 0.071429 579
0.440179 0.100000 1150
-0.468055 0.050000 1159
0.380351 0.316667 1045
0.419239 0.100000 323
-0.445349 0.250000 1125
0.427457 0.500000 14
0.440308 0.833333 656
-0.368179 0.033333 370
0.438202 0.750000 119
-0.423858 0.050000 750
0.368705 0.250000 112
-0.451349 0.250000 1100
0.379418 0.500000 461
0.403124 0.500000 945
0.420163 0.833333 658
0.375291 0.214286 580
-0.388056 0.033333 370
0.457760 0.700000 756
-0.366485 0.069048 366
0.471959 0.050000 338
0.380774 0.500000 1204
0.455646 0.100000 323
-0.440732 0.100000 686
0.421924 0.236111 326
0.452899 0.500000 945
0.425420 0.033333 1172
-0.423580 0.900000 764
0.489995 0.900000 692
-0.351095 0.050000 1160
-0.402253 0.050000 1163
0.472124 0.100000 1173
0.421835 0.785714 1112
-0.409029 0.566667 1167
-0.480153 0.500000 1214
0.442322 0.236111 326
-0.470617 0.500000 1216
0.407185 0.250000 131
0.463073 0.500000 1204
-0.405911 0.550000 720
0.354801 0.071429 579
-0.470749 0.250000 217
0.419129 0.033333 383
0.420665 0.500000 685
0.406084 0.105556 1037
0.430902 0.354167 1043
0.365314 0.033333 383
0.442683 0.500000 945
0.425298 0.033333 1172
0.412053 0.033333 761
0.448733 0.071429 603
-0.447499 0.050000 755
0.418703 0.166667 758
-0.437926 0.166667 652
0.426189 0.700000 684
-0.443196 0.483333 360
0.419771 0.214286 580
-0.353983 0.050000 1158
0.392373 0.900000 694
-0.513942 0.033333 370
0.491894 0.160256 1048
0.466503 0.500000 944
0.419004 0.166667 1172
-0.502097 0.033333 780
0.364212 0.071429 581
0.352877 0.166667 1172
-0.487689 0.250000 1100
0.402242 0.050000 738
-0.390972 0.269697 368
0.400632 0.233333 1176
-0.380892 0.250000 616
0.377844 0.100000 311
-0.443611 0.174242 1218
0.431834 0.539394 1054
0.442706 0.100000 323
-0.453661 0.050000 743
0.408583 0.166667 1172
0.454596 0.071429 582
0.365645 0.500000 945
0.482406 0.464286 999
0.412975 0.750000 1101
0.423713 0.150000 1162
-0.375767 0.050000 1166
0.451179 0.500000 944
0.385622 0.792857 1046
0.378776 0.750000 613
0.368949 0.900000 691
0.423837 0.366667 1028
-0.432399 0.174242 1218
-0.391242 0.433333 1167
-0.453740 0.500000 436
-0.392227 0.225000 991
0.426898 0.087121 1048
-0.439167 0.050000 734
0.407283 0.750000 230
0.486801 0.500000 945
0.410958 0.833333 658
-0.452860 0.033333 370
0.491487 0.269697 375
0.488152 0.233333 756
0.495038 0.033333 383
-0.470615 0.050000 1158
-0.468744 0.069048 366
0.430155 0.833333 658
-0.463531 0.700000 764
0.328740 0.500000 945
0.455014 0.225000 290
-0.519891 0.071429 590
0.406244 0.100000 323
-0.444920 0.645833 324
0.382247 0.414286 1001
0.471915 0.100000 760
0.332686 0.750000 1101
-0.390613 0.566667 1167
0.457173 0.100000 762
-0.431905 0.225000 991
0.430829 0.166667 1172
0.489704 0.100000 1173
0.417207 0.033333 1172
-0.339984 0.325000 298
0.428450 0.833333 658
-0.395420 0.100000 765
0.410379 0.833333 656
-0.399855 0.900000 764
0.386134 0.950000 729
-0.407802 0.033333 370
0.450609 0.071429 579
0.492472 0.450000 339
-0.459858 0.366667 760
0.384377 0.500000 425
-0.409560 0.250000 979
0.374655 0.700000 756
0.399068 0.500000 945
-0.480784 0.050000 1166
-0.442563 0.300000 688
0.402794 0.166667 760
0.359174 0.071429 195
0.450135 0.500000 944
0.422754 0.233333 1176
0.337922 0.900000 692
-0.363879 0.033333 369
0.416911 0.100000 311
-0.451592 0.100000 686
0.436153 0.105556 1037
0.414678 0.369318 1054
0.391737 0.500000 14
-0.489647 0.050000 755
0.438579 0.033333 383
-0.415890 0.233333 762
0.448121 0.500000 945
0.441069 0.750000 720
0.389033 0.071429 582
0.416496 0.166667 758
-0.496258 0.033333 363
-0.340505 0.071429 1116
0.379134 0.250000 112
-0.474897 0.050000 750
0.381302 0.050000 738
-0.408656 0.250000 1100
0.451608 0.500000 14
0.392366 0.500000 945
0.458985 0.500000 406
-0.427815 0.033333 370
0.449762 0.100000 1150
0.464329 0.071429 579
0.458712 0.539394 1054
0.401015 0.792857 1046
-0.430312 7.500000 1220
0.389362 0.750000 618
-0.465557 0.250000 1098
0.397546 0.105556 1037
-0.389299 0.250000 508
0.362526 0.166667 758
-0.452484 0.500000 462
-0.407191 0.566667 1167
-0.456796 0.708333 1024
0.322576 0.166667 760
-0.334205 0.483333 360
-0.430603 0.366667 1034
0.374179 0.316667 1045
0.371725 0.788889 1035
-0.353898 0.214286 1122
0.364175 0.833333 658
-0.485315 0.033333 370
0.450686 0.118056 339
-0.366925 0.366667 760
0.403306 0.366667 311
-0.439465 0.500000 1214
0.395807 0.211111 327
0.458156 0.500000 945
0.424298 0.700000 756
-0.386778 0.050000 330
0.394547 0.150000 726
0.430293 0.166667 1172
-0.467685 0.250000 979
0.365847 0.833333 658
-0.441571 0.033333 370
0.422799 0.071429 579
0.469652 0.100000 323
0.499536 0.100000 760
-0.396560 0.233333 762
0.361882 0.633333 1032
0.382193 0.033333 383
-0.491361 0.250000 1125
0.482718 0.500000 74
-0.476112 0.050000 755
0.411558 0.250000 221
0.411887 0.369318 1054
0.333046 0.050000 348
-0.438427 0.166667 770
-0.391087 0.566667 1167
-0.414267 0.645833 324
0.389154 0.100000 1150
-0.495074 0.500000 436
0.388026 0.450000 339
0.490937 0.500000 945
0.372174 0.700000 756
0.392676 0.033333 771
-0.343526 0.766667 765
0.363330 0.950000 729
-0.406982 0.033333 370
0.401204 0.150000 1162
-0.460785 0.050000 1163
0.433763 0.233333 756
0.456792 0.750000 618
-0.443697 0.050000 734
0.380142 0.050000 738
-0.369546 0.250000 1100
0.454548 0.166667 1017
0.409556 0.100000 1176
0.389190 0.539394 1054
0.408437 0.033333 383
-0.453037 0.500000 462
0.497646 0.269697 375
0.431915 0.500000 944
0.409932 0.166667 1172
-0.489456 0.300000 688
-0.414007 0.033333 788
0.412770 0.833333 658
-0.492703 0.033333 370
0.416495 0.833333 659
-0.436840 0.050000 1158
-0.392835 0.033333 1170
0.412979 0.071429 581
-0.413726 0.112500 325
0.364018 0.033333 1172
0.389230 0.150000 726
0.350095 0.250000 112
0.482960 0.900000 691
0.427242 0.100000 323
0.489907 0.500000 945
0.406279 0.464286 999
0.512364 0.233333 756
-0.488423 0.050000 1163
-0.455603 0.900000 764
0.483119 0.833333 656
-0.391003 0.033333 369
0.419755 0.160256 1048
-0.396786 0.500000 436
0.386888 0.750000 230
0.430111 0.500000 945
0.411125 0.700000 756
-0.401231 0.642857 576
0.390015 0.150000 1162
-0.405852 0.050000 1166
-0.537375 0.500000 1216
0.436243 0.148352 383
0.475016 0.354167 1043
0.385159 0.166667 760
0.394184 0.080128 1050
-0.434538 0.300000 1155
-0.370011 0.550000 720
0.348438 0.100000 1176
0.384627 0.100000 1171
-0.351641 0.250000 216
0.336208 0.071429 579
0.371130 0.236111 326
-0.481310 0.250000 1108
-0.377787 0.033333 1170
-0.350078 0.366667 762
-0.471330 0.566667 1167
-0.442267 0.250000 1125
0.464713 0.930952 1046
-0.455242 0.250000 1100
0.411618 0.500000 461
-0.396108 0.500000 1214
0.382531 0.166667 1172
0.472215 0.500000 944
0.393755 0.833333 658
-0.472616 0.033333 370
0.501349 0.118056 375
0.369818 0.750000 1101
0.423792 0.214286 580
-0.367835 0.129167 366
0.465463 0.033333 383
0.440729 0.100000 1173
0.390712 0.033333 1172
0.407312 0.500000 945
0.438044 0.211111 327
-0.483499 0.100000 1147
0.383364 0.148352 383
-0.441195 0.500000 462
0.450616 0.050000 738
-0.453592 0.225000 991
0.401027 0.833333 658
-0.443194 0.325000 298
0.460970 0.700000 756
-0.408842 0.033333 1170
0.397434 0.118056 375
0.472482 0.500000 945
0.439705 0.105556 1037
-0.458651 0.050000 750
0.400497 0.750000 613
-0.375960 0.566667 1167
-0.468577 0.366667 760
0.411440 0.166667 1172
0.446780 0.500000 944
0.364291 0.166667 1172
-0.478151 0.500000 1216
0.436061 0.148352 383
-0.404339 0.050000 734
0.387309 0.539394 1054
0.438881 0.100000 323
-0.489300 0.250000 1125
0.420523 0.166667 1172
-0.448526 0.500000 1214
0.407426 0.071429 603
0.458535 0.233333 756
0.472546 0.100000 323
-0.444457 0.645833 324
0.329068 0.071429 579
0.383983 0.166667 1172
-0.460334 0.133929 330
0.375630 0.100000 760
0.471837 0.050000 348
-0.374398 0.300000 688
0.374458 0.500000 1084
0.453490 0.500000 1204
0.381989 0.750000 618
-0.437144 0.500000 462
0.407087 0.225000 290
0.510276 0.500000 945
0.473954 0.833333 658
-0.420728 0.100000 765
0.457495 0.833333 656
-0.408149 0.900000 764
0.381920 0.033333 1172
-0.388358 0.033333 370
0.465351 0.700000 695
0.373414 0.150000 1162
0.386790 0.050000 738
-0.478181 0.033333 372
0.467782 0.700000 756
0.391832 0.354167 1043
0.462403 0.033333 383
-0.413695 0.050000 755
0.447713 0.236111 326
0.499399 0.500000 945
0.395880 0.366667 1001
-0.467301 0.500000 436
-0.380894 0.033333 788
-0.343299 0.050000 1159
0.440292 0.928571 184
0.439973 0.033333 761
0.367109 0.539394 1054
0.399583 0.050000 338
-0.382409 0.050000 1158
0.396510 0.950000 729
-0.413275 0.033333 369
0.366214 0.833333 648
-0.389506 0.166667 652
0.388461 0.166667 760
0.392944 0.071429 581
0.399391 0.236111 326
0.497601 0.500000 944
0.394642 0.100000 716
0.374711 0.785714 1112
-0.392554 0.766667 1167
-0.324371 0.174242 1218
0.484728 0.166667 1172
-0.474980 0.250000 1100
0.433995 0.250000 131
-0.451376 0.250000 1125
0.419933 0.366667 1028
0.440878 0.369318 1054
0.422517 0.150000 726
0.372183 0.100000 323
-0.467475 0.033333 370
0.566551 0.833333 658
-0.453730 0.250000 1098
0.419719 0.450000 339
-0.456794 0.500000 1214
0.380385 0.225000 290
0.501117 0.500000 945
0.380521 0.222527 374
-0.409994 0.500000 1215
0.411527 0.100000 311
-0.477825 0.129167 366
0.359078 0.071429 579
-0.382721 0.550000 720
0.409614 0.900000 691
0.467539 0.100000 323
-0.459253 0.300000 1152
0.378065 0.150000 1162
0.427924 0.100000 1150
-0.441764 0.250000 217
-0.421793 0.050000 734
0.449425 0.250000 112
-0.438312 0.500000 462
-0.425503 0.566667 1167
0.448474 0.500000 945
0.440619 0.833333 658
-0.434767 0.033333 370
0.457162 0.700000 756
-0.406911 0.050000 1158
0.430577 0.250000 221
0.433007 0.500000 1204
0.401914 0.100000 323
-0.471596 0.071429 590
0.393350 0.033333 770
0.362110 0.250000 546
0.384523 0.539394 1054
0.384763 0.050000 338
-0.392912 0.050000 750
0.391909 0.225000 290
-0.464295 0.250000 1125
0.378447 0.250000 131
-0.437606 0.500000 1214
0.398541 0.500000 464
0.476802 0.500000 945
-0.393000 0.050000 1166
0.541418 0.500000 685
0.353724 0.166667 1172
-0.433581 0.033333 780
-0.392174 0.250000 216
0.428273 0.166667 1172
-0.456912 0.250000 1098
0.401769 0.833333 658
-0.440454 0.033333 370
0.453783 0.225000 290
-0.489686 0.174242 1218
0.391240 0.150000 1162
-0.490173 0.050000 1163
0.376060 0.700000 685
-0.396457 0.750000 540
0.364327 0.750000 618
0.453059 0.233333 756
0.416209 0.500000 464
0.411160 0.500000 945
0.430077 0.500000 406
-0.366416 0.033333 370
0.429611 0.269697 375
-0.520200 0.500000 1214
0.475271 0.033333 383
0.495182 0.369318 1054
0.420188 0.050000 738
-0.408858 0.250000 1131
0.450911 0.033333 1172
-0.489106 0.900000 764
0.451096 0.833333 656
0.380242 0.050000 338
0.416470 0.516667 1056
-0.385333 0.366667 1034
0.373008 0.500000 945
0.383357 0.464286 999
-0.434498 0.050000 755
0.460565 0.291667 311
-0.532313 0.300000 688
0.379017 0.750000 720
0.439129 0.450000 1032
0.359323 0.214286 580
-0.379440 0.033333 1170
0.379860 0.166667 1017
-0.492482 0.500000 462
0.438219 0.100000 311
0.509147 0.500000 945
0.394700 0.833333 658
-0.393172 0.033333 370
0.433727 0.269697 375
0.487673 0.071429 579
-0.439612 0.050000 330
0.355889 0.100000 323
-0.510294 0.250000 1125
0.431336 0.250000 112
-0.482398 0.645833 324
0.407612 0.950000 729
-0.413515 0.900000 764
0.424326 0.900000 692
-0.441569 0.566667 1167
0.481338 0.100000 760
-0.371353 0.100000 765
-0.378836 0.250000 1108
0.446680 0.233333 1176
-0.393279 0.250000 979
0.375688 0.850000 730
-0.361557 0.033333 370
0.438376 0.700000 756
-0.366795 0.550000 720
0.408936 0.369318 1054
0.424919 0.033333 383
-0.483651 0.500000 1216
0.426976 0.450000 339
-0.452998 0.100000 686
0.432211 0.750000 230
0.479131 0.700000 685
-0.385668 0.033333 370
0.454294 0.105556 1037
0.434555 0.071429 579
0.438268 0.500000 945
-0.440844 0.050000 1166
-0.513431 0.250000 1100
0.461745 0.250000 131
0.475884 0.100000 1173
0.407186 0.033333 1172
-0.395002 0.250000 217
0.360864 0.071429 582
0.409602 0.166667 1172
-0.441376 0.500000 1216
-0.423332 0.566667 1167
0.428355 0.500000 944
0.385388 0.166667 1172
-0.486721 0.500000 436
0.401791 0.833333 658
-0.413772 0.033333 370
0.415279 0.233333 760
-0.363652 0.233333 762
0.427485 0.150000 726
0.398989 0.633333 1032
0.446375 0.033333 383
-0.414682 0.050000 722
0.376408 0.100000 760
0.467801 0.928571 184
0.451004 0.233333 756
0.397411 0.500000 461
0.433563 0.500000 944
0.393463 0.105556 1037
0.442113 0.100000 1176
-0.359705 0.050000 1163
0.437318 0.500000 1204
0.363878 0.100000 323
-0.464479 0.050000 734
-0.406429 0.033333 369
0.432046 0.450000 339
-0.427361 0.500000 1214
0.441154 0.833333 658
-0.417386 0.100000 765
0.404489 0.750000 1101
0.352363 0.150000 1162
0.428908 0.166667 1172
-0.462496 0.500000 462
-0.425066 0.225000 991
0.475118 0.500000 14
0.487664 0.833333 656
0.385369 0.788889 1035
-0.445120 0.033333 370
0.410115 0.071429 579
-0.367986 0.233333 762
0.361530 0.100000 1171
-0.434348 0.071429 1116
0.376690 0.539394 1054
0.407183 0.833333 658
-0.461461 0.214286 1119
0.399006 0.781746 1046
-0.425611 0.250000 979
0.397945 0.233333 1176
-0.351755 0.708333 1024
0.390848 0.450000 339
-0.489565 0.100000 707
0.412177 0.033333 383
0.417154 0.500000 945
0.413321 0.071429 195
-0.472064 0.250000 1125
-0.456022 0.050000 1166
-0.445248 0.500000 462
0.397805 0.291667 311
0.455881 0.500000 945
0.392341 0.700000 756
-0.414359 0.129167 366
0.409064 0.050000 338
-0.335559 0.166667 652
0.375962 0.750000 618
-0.465112 9.500000 1220
0.406786 0.583333 256
-0.446302 0.250000 1098
0.413090 0.050000 738
-0.376576 0.033333 369
0.491820 0.833333 658
-0.464228 0.700000 764
0.440009 0.369318 1054
0.412652 0.033333 1172
-0.419968 0.050000 1160
0.391843 0.950000 729
-0.444399 0.174242 1218
0.468462 0.250000 1105
0.508767 0.100000 1173
-0.405579 0.033333 370
-0.540791 0.050000 1163
0.384530 0.900000 692
-0.464227 0.900000 764
0.326462 0.700000 685
0.390846 0.100000 323
-0.446518 0.050000 755
0.412129 0.071429 603
0.435726 0.500000 945
0.411652 0.464286 999
0.443075 0.233333 756
0.438103 0.750000 618
0.428586 0.900000 691
0.420582 0.033333 383
-0.395885 0.300000 688
0.401754 0.539394 1054
0.481448 0.105556 1037
-0.429789 0.050000 743
0.411223 0.366667 1028
0.409538 0.500000 944
-0.383259 0.050000 1166
0.455020 0.033333 761
-0.398727 0.050000 1158
0.375628 0.851648 1046
-0.482418 0.645833 324
-0.384105 0.033333 788
0.343536 0.833333 656
0.410274 0.166667 1172
-0.446787 0.033333 370
0.450596 0.833333 658
-0.432885 0.100000 765
0.471502 0.233333 756
0.403935 0.100000 311
-0.425559 0.033333 780
0.391143 0.369318 1054
0.494015 0.236111 326
0.479932 0.071429 582
0.357582 0.100000 323
0.517525 0.500000 945
0.386884 0.833333 659
-0.428578 0.033333 370
0.444597 0.214286 580
-0.398688 0.033333 1170
0.466132 0.700000 756
-0.337697 0.250000 1100
0.465703 0.269697 375
0.407850 0.500000 945
0.418533 0.222527 374
-0.469568 0.500000 1216
0.455538 0.148352 383
-0.454057 0.250000 979
-0.398933 0.050000 1163
0.446636 0.100000 1173
0.352077 0.033333 1172
-0.398682 0.225000 991
-0.408115 0.250000 1131
0.442902 0.233333 1176
-0.381610 0.166667 652
0.403912 0.050000 735
-0.341200 0.050000 734
0.421147 0.269697 375
-0.427466 0.250000 1108
0.357973 0.150000 1162
0.384646 0.166667 1017
0.422520 0.500000 944
0.389045 0.166667 1172
-0.496280 0.500000 462
0.430034 0.148352 383
-0.449383 0.250000 216
0.391275 0.833333 658
-0.440722 0.500000 436
0.453076 0.166667 1172
-0.468549 0.500000 1214
0.392748 0.851648 1046
0.495442 0.450000 1032
0.404942 0.071429 582
0.426542 0.100000 323
0.450807 0.833333 655
0.391631 0.166667 1172
-0.469059 0.033333 370
0.461345 0.071429 579
0.458896 0.950000 729
-0.417987 0.900000 764
0.382507 0.833333 656
-0.439366 0.550000 720
0.331678 0.222527 374
0.486321 0.500000 945
0.419749 0.309524 999
0.476246 0.233333 756
0.446134 0.291667 311
-0.439209 0.050000 755
0.379457 0.500000 461
-0.411647 0.250000 1100
0.401923 0.250000 572
-0.472442 0.033333 370
0.402658 0.833333 658
-0.440290 0.050000 1158
0.345263 0.788889 1035
-0.503750 0.129167 366
0.371909 0.071429 194
0.459001 0.500000 945
-0.410003 0.366667 1034
0.420358 0.369318 1054
0.444100 0.033333 383
-0.400005 0.500000 1214
0.441964 0.166667 758
0.417184 0.033333 761
-0.376564 0.033333 369
0.468230 0.050000 738
-0.387403 0.050000 734
0.423198 0.250000 112
0.434642 0.233333 756
0.426011 0.291667 311
0.469842 0.500000 944
-0.383295 0.050000 1163
-0.456627 0.645833 324
0.396401 0.071429 581
-0.375997 0.166667 652
0.474853 0.236111 326
-0.433936 0.226190 188
0.385676 0.833333 658
0.414611 0.166667 760
-0.380662 0.033333 370
0.412773 0.700000 756
-0.345046 0.050000 1158
-0.422997 0.566667 1167
0.480659 0.500000 945
0.423936 0.105556 1037
0.532521 0.500000 1204
0.422921 0.750000 230
-0.464091 0.050000 750
0.371863 0.750000 613
-0.367098 0.250000 1109
0.394023 0.150000 1162
0.431657 0.236111 326
-0.529765 0.050000 734
0.376199 0.539394 1054
0.414751 0.033333 383
-0.417272 0.500000 462
0.472099 0.166667 1172
-0.439736 0.250000 1125
-0.423710 0.433333 1167
-0.445383 0.500000 1214
0.438616 0.785714 1112
0.444543 0.250000 1004
0.448826 0.100000 1173
0.365015 0.450000 1032
0.458936 0.050000 738
0.396348 0.033333 1172
-0.445898 0.050000 1160
0.367290 0.233333 756
-0.442658 0.050000 1163
0.459580 0.500000 945
0.479317 0.833333 658
-0.417090 0.033333 370
0.507180 0.118056 339
-0.406037 0.250000 1098
0.402933 0.291667 311
-0.472200 0.500000 462
0.380570 0.250000 131
-0.434894 0.166667 652
-0.406975 0.225000 991
0.434157 0.071429 579
0.407260 0.500000 14
-0.437811 0.250000 979
0.364084 0.033333 1172
0.357261 0.354167 1043
0.455980 0.033333 383
-0.474009 0.500000 1214
0.431180 0.930952 1046
0.462761 0.500000 945
0.466134 0.833333 658
-0.423014 0.750000 540
0.353728 0.269697 375
-0.476990 0.033333 372
0.447655 0.700000 756
-0.388626 0.900000 764
0.522522 0.833333 656
0.432947 0.166667 1172
-0.483386 0.033333 370
0.418902 0.500000 406
0.418830 0.150000 1162
0.440768 0.785714 1112
-0.373095 0.050000 1158
0.421489 0.100000 1026
0.462212 0.354167 1043
0.404446 0.071429 579
0.467085 0.100000 323
0.543576 0.500000 945
0.411695 0.166667 760
-0.407320 0.233333 762
0.395034 0.150000 726
0.426027 0.071429 195
-0.443651 0.069048 366
-0.406075 0.250000 544
0.439892 0.033333 383
-0.459743 0.500000 462
-0.419706 0.433333 1167
-0.472320 7.500000 1220
0.409695 0.500000 14
0.451046 0.500000 945
0.399546 0.100000 1150
0.426395 0.900000 691
0.398043 0.166667 758
-0.443868 0.250000 1125
0.397601 0.500000 461
-0.422888 0.250000 1098
0.398859 0.105556 1037
-0.401162 0.050000 755
-0.413745 0.566667 1167
-0.435169 0.100000 707
-0.452895 0.275000 325
0.436777 0.033333 383
-0.384346 0.500000 402
-0.418551 0.050000 1166
-0.412357 0.250000 1125
0.376844 0.236111 326
0.427508 0.500000 944
0.386524 0.750000 720
-0.387092 0.033333 369
0.437284 0.500000 406
-0.400431 0.050000 750
0.450003 0.236111 326
-0.428927 0.500000 1214
0.390147 0.050000 738
-0.415448 0.033333 369
0.426232 0.071429 579
0.439301 0.166667 1172
0.478851 0.500000 1204
0.414145 0.100000 323
-0.442145 0.300000 688
0.420854 0.539394 1054
0.395212 0.750000 119
-0.449542 0.174242 1218
0.416537 0.071429 204
0.381494 0.500000 945
-0.382742 0.033333 1170
0.411155 0.071429 581
0.383346 0.105556 1037
-0.399594 0.250000 1100
0.445105 0.950000 721
-0.389331 0.050000 1158
-0.362680 0.250000 216
0.366036 0.033333 1172
0.430439 0.150000 1162
0.382255 0.950000 729
-0.427962 0.766667 765
0.341183 4.500000 1220
-0.339267 0.233333 762
0.332038 0.150000 726
0.358747 0.450000 339
0.510631 0.500000 945
0.435312 0.833333 658
-0.411781 0.033333 370
0.444217 0.833333 648
-0.390700 0.250000 508
0.505439 0.225000 290
-0.472469 0.500000 1216
0.398950 0.366667 1001
0.405677 0.500000 945
0.398219 0.166667 760
0.417738 0.500000 464
0.473317 0.833333 656
-0.475846 0.900000 764
0.389089 0.369318 1054
0.497969 0.500000 14
-0.465133 0.100000 686
0.446423 0.033333 383
0.423995 0.450000 1032
0.416220 0.950000 729
-0.464286 0.033333 370
-0.490814 0.416667 1023
0.416093 0.100000 1176
0.433383 0.269697 375
-0.424723 0.050000 734
-0.387613 0.225000 991
0.390793 0.050000 348
-0.339126 0.500000 1214
0.416743 0.166667 1172
0.450267 0.500000 944
0.372563 0.100000 1150
0.429547 0.233333 756
0.460502 0.050000 738
-0.383572 0.269697 368
-0.442645 0.566667 1167
-0.516193 0.100000 686
0.433717 0.750000 618
-0.449913 0.174242 1218
0.397702 0.166667 1172
0.465740 0.700000 685
-0.377281 0.250000 1131
0.366994 0.500000 464
0.449820 0.369318 1054
0.371022 0.050000 338
-0.393778 0.050000 755
0.408591 0.930952 1046
-0.431546 0.500000 1214
0.381476 0.291667 311
-0.482008 0.033333 370
0.478679 0.500000 406
0.424075 0.150000 1162
-0.400943 0.050000 750
0.526631 0.166667 1172
0.479737 0.500000 945
0.388570 0.071429 579
0.411993 0.100000 1150
-0.466350 0.129167 366
0.385649 0.781746 1046
0.492095 0.900000 691
0.413714 0.100000 323
-0.473201 0.500000 462
0.424202 0.750000 230
-0.426581 0.250000 1133
-0.354824 0.550000 720
0.367231 0.436508 1054
0.379445 0.033333 383
0.383794 0.100000 1173
-0.397491 0.050000 1163
-0.475840 0.250000 979
0.393793 0.700000 756
-0.401288 0.033333 370
0.436882 0.500000 406
-0.426558 0.233333 765
0.449184 0.833333 656
-0.363224 0.700000 764
0.374795 0.105556 1037
0.464709 0.369318 1054
0.353301 0.050000 348
0.444667 0.100000 760
-0.352328 0.050000 722
0.422953 0.166667 1172
0.472493 0.500000 945
0.417755 0.900000 694
0.361598 0.233333 756
0.488058 0.450000 339
-0.466235 0.033333 370
0.494042 0.071429 579
-0.434814 0.250000 216
0.480527 0.250000 112
-0.476665 0.250000 508
0.403788 0.033333 1172
-0.379953 0.050000 1160
0.409959 0.950000 729
-0.406274 0.250000 1098
0.470647 0.166667 1017
0.462636 0.369318 1054
0.405173 0.150000 726
-0.431072 0.566667 1167
-0.449909 0.033333 370
0.463740 0.833333 658
0.439207 0.166667 760
0.444841 0.500000 944
0.435473 0.100000 311
-0.433319 0.100000 1147
0.376526 0.236111 326
0.448863 0.233333 756
0.400252 0.366667 1028
0.448319 0.500000 945
0.378742 0.464286 999
-0.441775 0.033333 780
-0.391500 0.129167 366
0.469732 0.166667 1172
-0.472448 0.500000 462
0.427781 0.100000 323
0.446974 0.100000 1173
-0.373349 0.050000 1163
-0.443382 0.645833 324
0.345692 0.700000 685
0.398791 0.166667 1172
-0.499590 0.250000 1108
0.450041 0.150000 1162
-0.396127 0.050000 1163
-0.422239 0.500000 436
-0.393520 0.225000 325
0.408659 0.071429 579
0.407508 0.148352 383
0.435034 0.833333 656
-0.477134 0.033333 370
0.454471 0.236111 326
-0.495041 0.500000 462
0.432624 0.750000 618
-0.419892 0.050000 743
0.408291 0.930952 1046
0.441579 0.500000 944
-0.396791 0.233333 762
0.427049 0.150000 726
0.449187 0.166667 1172
-0.463248 0.050000 755
0.401045 0.250000 131
-0.487376 0.300000 688
-0.359819 0.275000 325
0.442364 0.833333 658
-0.419246 0.100000 765
-0.444121 8.500000 1220
0.457261 0.166667 1017
0.400679 0.100000 760
0.373536 0.250000 1128
0.441587 0.500000 945
0.362505 0.267857 997
-0.416751 0.500000 1216
0.427488 0.033333 383
-0.453793 0.225000 991
0.394657 0.050000 738
0.473727 0.033333 761
0.368901 0.033333 1172
0.437428 0.100000 1176
0.364023 0.033333 383
-0.472314 0.033333 372
0.416150 0.833333 658
-0.412427 0.050000 1158
0.449704 0.539394 1054
0.496246 0.148352 1048
-0.469427 0.500000 1214
0.461672 0.851648 1046
-0.483977 0.250000 979
0.385790 0.071429 579
0.411033 0.166667 1172
0.472104 0.500000 944
0.380827 0.166667 1172
-0.465508 0.300000 1152
-0.370814 0.233333 762
-0.381566 0.033333 369
0.462854 0.833333 658
-0.405939 0.100000 765
0.474723 0.833333 656
-0.444460 0.900000 764
0.427661 0.105556 1037
-0.457668 0.250000 217
-0.435672 0.250000 508
0.410489 0.269697 375
0.438197 0.233333 756
0.447145 0.033333 383
-0.398100 0.033333 370
0.472713 0.950000 729
-0.387454 0.050000 1158
0.383506 0.150000 1162
-0.427358 0.050000 1163
0.434878 0.500000 945
0.416681 0.071429 581
0.402309 0.050000 738
-0.410697 0.033333 1170
0.401032 0.233333 756
0.495177 0.250000 131
-0.458060 0.500000 462
0.416989 0.166667 758
-0.442767 0.050000 734
0.420865 0.450000 1032
0.467591 0.050000 338
-0.352978 0.033333 370
0.459228 0.833333 658
-0.386203 0.900000 764
0.410302 0.500000 76
0.541317 0.500000 1204
0.403012 0.100000 323
0.484643 0.500000 945
0.397789 0.700000 756
-0.403728 0.750000 540
0.504518 0.033333 1172
0.392287 0.354167 1043
-0.421417 0.226496 1052
0.389152 0.900000 691
-0.436187 0.566667 1167
-0.447524 0.325000 298
0.404829 0.071429 579
0.387933 0.450000 339
0.471716 0.833333 656
-0.397654 0.250000 1131
0.381154 0.500000 461
-0.453298 0.050000 755
0.423209 0.233333 1176
-0.460402 0.069048 366
0.431662 0.214286 580
-0.433606 0.645833 324
0.536447 0.033333 383
0.427161 0.700000 685
-0.387592 0.650000 721
0.388774 0.500000 945
0.433158 0.100000 1150
-0.447685 0.250000 1125
0.454004 0.750000 230
0.425259 0.369318 1054
0.366430 0.750000 969
-0.414234 0.050000 750
0.355625 0.900000 694
-0.459806 0.033333 369
0.433216 0.700000 756
-0.344714 0.166667 652
0.406607 0.250000 112
0.457134 0.500000 945
0.391390 0.033333 771
0.324947 0.833333 656
0.413706 0.250000 131
-0.485997 0.100000 1147
0.365411 0.366667 302
-0.431668 0.033333 370
0.354422 0.250000 546
0.432225 0.700000 685
0.387646 0.033333 1172
-0.383810 0.050000 1160
0.443164 0.354167 1043
0.489495 0.250000 221
-0.495052 0.500000 462
0.453278 0.236111 326
-0.463320 0.250000 1098
0.395382 0.100000 323
0.458196 0.100000 762
0.356730 0.539394 1054
0.416800 0.500000 14
-0.462652 0.250000 1100
0.492769 0.166667 1172
0.468241 0.100000 1176
-0.401642 0.250000 1133
0.496177 0.292857 1040
0.443527 0.100000 760
0.312720 0.033333 1172
-0.353992 0.500000 436
0.420239 0.250000 572
-0.419730 0.708333 1024
-0.354024 0.050000 1158
0.406774 0.148352 383
-0.427506 0.033333 370
0.462560 0.500000 406
-0.428038 0.100000 765
-0.451836 0.500000 1216
0.464430 0.450000 339
-0.455044 0.250000 979
0.393719 0.071429 581
0.363217 0.900000 692
0.418375 0.071429 603
-0.441668 0.500000 1214
0.418710 0.851648 1046
-0.418464 0.069048 366
0.364934 0.500000 945
0.456942 0.100000 311
-0.447328 0.174242 1218
0.413261 0.105556 1037
0.461008 0.100000 1173
-0.458286 0.050000 1163
-0.447643 0.050000 744
0.401487 0.100000 323
0.468561 0.500000 1204
0.376062 0.166667 1172
0.470112 0.500000 945
0.386133 0.700000 756
-0.394795 0.033333 370
0.474739 0.500000 406
0.365160 0.071429 195
-0.495380 0.645833 324
0.426039 0.214286 580
0.373672 0.785714 1112
-0.412387 0.633333 1167
-0.484794 0.250000 1100
0.417912 0.269697 375
-0.410163 0.250000 1125
0.405521 0.033333 383
0.502756 0.539394 1054
0.361430 0.071429 579
-0.397752 0.033333 1170
0.405045 0.366667 1028
-0.517034 0.500000 462
0.417051 0.250000 112
0.458950 0.500000 945
0.392319 0.833333 659
-0.406026 0.033333 370
0.439081 0.050000 738
-0.398759 0.500000 1214
0.473825 0.250000 131
0.482569 0.233333 756
-0.423628 0.050000 1163
0.451051 0.100000 1176
-0.342442 0.642857 576
0.377121 0.750000 720
0.410237 0.539394 1054
-0.414993 0.300000 688
0.514268 0.166667 1017
0.484475 0.833333 656
-0.383443 0.900000 764
0.422923 0.950000 729
-0.452870 0.033333 370
-0.457870 0.566667 1167
-0.487636 0.500000 436
-0.378380 0.050000 1166
-0.463635 0.500000 462
0.398563 0.750000 618
-0.439409 0.366667 762
0.364593 0.500000 461
-0.440260 0.050000 734
0.351431 0.071429 603
0.423975 0.500000 944
0.384130 0.166667 1172
-0.451736 9.500000 1220
0.414380 0.071429 204
0.387485 0.100000 762
0.356267 0.166667 1172
0.442784 0.500000 945
0.363881 0.150000 1162
-0.441677 0.050000 1163
-0.445854 0.300000 1155
0.355373 0.033333 1172
-0.425298 0.250000 216
0.397952 0.071429 579
0.402859 0.148352 383
0.457860 0.369318 1054
-0.365564 0.366667 1033
-0.439087 0.033333 369
0.481412 0.500000 406
-0.404612 0.050000 1158
0.375688 0.166667 760
-0.395194 0.166667 253
0.398814 0.105556 1037
-0.476336 0.300000 688
-0.398522 0.566667 1167
0.458137 0.500000 945
0.455259 0.700000 756
-0.394141 0.033333 370
0.424086 0.464286 999
-0.465424 0.050000 755
0.444589 0.291667 311
-0.474501 0.250000 1098
0.374533 0.966667 766
-0.410841 7.500000 1220
-0.416708 0.550000 720
0.378310 0.071429 581
0.342596 0.354167 1043
0.437889 0.781746 1046
0.365376 0.150000 726
-0.410676 0.225000 991
0.369963 0.050000 348
-0.441860 0.250000 979
0.393912 0.100000 1150
0.440479 0.233333 756
0.424617 0.450000 339
-0.452871 0.500000 1214
0.406260 0.100000 323
0.449293 0.500000 945
0.486933 0.500000 406
-0.458144 0.900000 764
-0.404941 0.233333 762
0.404935 0.071429 582
0.423868 0.450000 339
-0.436566 0.033333 370
0.532531 0.833333 656
0.425732 0.033333 383
-0.412005 0.050000 1158
-0.390411 0.033333 788
-0.413362 0.069048 366
0.450595 0.050000 348
0.418211 0.233333 756
0.441876 0.750000 618
0.414460 0.369318 1054
0.391820 0.700000 756
-0.443587 0.033333 370
0.452590 0.500000 406
-0.430843 0.100000 765
0.406995 0.100000 760
0.430110 0.105556 1037
0.470840 0.100000 1176
0.334488 0.539394 1054
0.377656 0.033333 1172
-0.435464 0.050000 1160
-0.395458 0.250000 1108
0.478621 0.464286 999
0.430280 0.500000 944
-0.415570 0.050000 1163
0.474607 0.100000 1173
0.372202 0.033333 383
-0.413468 0.050000 755
0.473315 0.166667 1172
